nbNodes
77
nbVehi
15
nbServi
6
r
1 1 1 1 1 1
0 0 1 0 0 0
0 0 1 0 0 0
1 0 0 0 0 0
0 1 0 0 0 0
1 0 0 0 0 0
1 0 0 0 0 0
0 0 0 1 0 0
0 0 0 0 1 0
0 1 0 0 0 0
0 1 0 0 0 0
0 0 0 1 0 0
0 0 0 0 1 0
0 0 0 0 0 1
0 0 0 0 1 0
0 0 0 1 0 0
0 0 0 0 1 0
1 0 0 0 0 0
0 0 0 1 0 0
0 0 0 0 1 0
0 1 0 0 0 0
0 1 0 0 0 0
1 0 0 0 0 0
0 1 0 0 0 0
0 0 0 0 0 1
0 0 0 0 1 0
0 1 0 0 0 0
0 0 0 0 0 1
0 0 0 0 0 1
0 0 1 0 0 0
0 0 0 0 0 1
0 0 1 0 0 0
0 0 0 0 0 1
1 0 0 0 0 0
1 0 0 0 0 0
0 0 1 0 0 0
0 0 0 1 0 0
0 0 0 1 0 0
1 0 0 0 0 0
0 0 0 1 0 0
0 1 0 0 0 0
0 1 0 0 0 0
0 0 0 0 0 1
0 0 1 0 0 0
0 0 0 0 1 0
0 0 1 0 0 0
0 0 0 0 1 0
0 0 1 0 0 0
0 0 0 0 0 1
0 0 0 0 1 0
0 0 1 0 0 0
0 0 0 1 0 0
0 0 0 1 0 0
0 0 0 1 1 0
0 0 0 1 1 0
0 0 0 1 1 0
0 0 0 0 1 1
0 0 0 0 1 1
0 0 0 1 1 0
0 0 0 1 1 0
0 0 0 1 1 0
0 0 0 0 1 1
0 0 0 0 1 1
0 0 0 1 1 0
0 1 0 0 0 1
0 0 1 0 0 1
0 0 1 0 1 0
1 0 0 0 1 0
0 0 1 0 1 0
0 0 1 0 0 1
1 0 0 0 0 1
1 0 0 0 1 0
0 0 1 0 1 0
0 0 1 0 0 1
0 0 1 0 0 1
0 1 0 0 1 0
1 1 1 1 1 1
DS
76 75 74 73 72 71 70 69 68 67 66 65 64 63 62 61 60 59 58 57 56 55 54
a
1  1  1  0  0  0
1  1  0  0  0  0
0  1  1  0  0  0
1  0  0  0  0  0
0  1  0  0  0  0
0  0  0  1  1  1
0  0  0  1  1  1
0  0  0  1  1  1
0  0  0  1  1  0
0  0  0  1  1  0
0  0  0  0  1  1
0  0  0  1  1  1
0  0  0  1  1  1
0  0  0  1  0  1
0  0  0  1  1  1
x
34 10 28 49 59 85 77 81 76 86 11 85 78 57 46 38 22 92 61 53 57 32 70 28 24 39 57 29 7 30 26 75 71 95 50 65 46 30 3 20 99 44 26 98 92 80 9 79 14 27 99 96 93 1 73 93 46 89 48 77 86 23 55 46 49 28 99 88 38 24 47 78 39 1 79 0 34
y
29 44 5 16 14 34 25 3 20 43 12 34 11 11 45 2 24 34 43 28 18 8 16 49 35 40 8 4 8 2 15 22 22 47 21 38 49 14 20 48 1 22 40 49 0 19 29 3 9 40 34 6 5 7 24 12 37 16 26 31 14 49 40 30 11 45 33 34 27 27 34 30 14 29 21 0 29
d
0.0 28.301943 24.738634 19.849434 29.15476 51.24451 43.185646 53.712196 42.953465 53.851646 28.600698 51.24451 47.539455 29.206163 20.0 27.294687 13.0 58.21512 30.413813 19.026299 25.495098 21.095022 38.27532 20.880613 11.661903 12.083046 31.144823 25.495098 34.20526 27.294687 16.124516 41.59327 37.65634 63.600315 17.888544 32.280025 23.323807 15.524175 32.280025 23.600847 70.77429 12.206555 13.601471 67.052216 64.84597 47.07441 25.0 51.971146 28.284271 13.038404 65.192024 66.12866 63.694584 39.661064 39.319206 61.400326 14.422205 56.515484 14.3178215 43.046486 54.120235 22.825424 23.70654 12.0415945 23.43075 17.088007 65.12296 54.230988 4.472136 10.198039 13.928389 44.011364 15.811388 33.0 45.705578 44.687805 0.0
28.301943 0.0 42.953465 48.010414 57.45433 75.66373 69.641945 81.9878 70.2282 76.00658 32.01562 75.66373 75.58439 57.428215 36.013885 50.47772 23.323807 82.607506 51.009804 45.88028 53.712196 42.190044 66.211784 18.681541 16.643316 29.274563 59.20304 44.28318 36.124783 46.518814 33.12099 68.622154 64.84597 85.052925 46.141087 55.326305 36.345562 36.05551 25.0 10.770329 98.84331 40.496914 16.492422 88.14193 93.05912 74.330345 15.033297 80.26207 35.22783 17.464249 89.560036 94.02127 91.706055 38.078865 66.09841 88.95505 36.67424 83.81527 42.047592 68.24954 81.706795 13.928389 45.17743 38.626415 51.088158 18.027756 89.6772 78.63841 32.75668 22.022715 38.327538 69.426216 41.725292 17.492855 72.73238 45.122055 28.301943
24.738634 42.953465 0.0 23.70654 32.280025 63.953106 52.924473 53.037724 50.289165 69.339745 18.384777 63.953106 50.358715 29.614185 43.863426 10.440307 19.924858 70.26379 50.32892 33.970577 31.780497 5.0 43.416588 44.0 30.265491 36.687874 29.15476 1.4142135 21.213203 3.6055512 10.198039 49.979996 46.238514 79.07591 27.202942 49.57822 47.539455 9.219544 29.15476 43.737854 71.11259 23.345236 35.057095 82.68011 64.195015 53.851646 30.610456 51.0392 14.56022 35.014282 76.6942 68.007355 65.0 27.073973 48.8467 65.37584 36.71512 61.983868 29.0 55.470715 58.694122 44.28318 44.20407 30.805843 21.84033 40.0 76.321686 66.64083 24.166092 22.36068 34.669872 55.9017 14.21267 36.124783 53.450912 28.442924 24.738634
19.849434 48.010414 23.70654 0.0 10.198039 40.24922 29.410883 34.539833 27.294687 45.80393 38.209946 40.24922 29.427877 9.433981 29.15476 17.804493 28.160255 46.615448 29.546574 12.649111 8.246211 18.788294 21.0 39.115215 31.400637 26.0 11.313708 23.323807 42.755116 23.600847 23.021729 26.683329 22.803509 55.470715 5.0990195 27.202942 33.13608 19.104973 46.173584 43.185646 52.201534 7.81025 33.24154 59.07622 45.88028 31.144823 42.059483 32.695564 35.69314 32.55764 53.14132 48.052055 45.35416 48.83646 25.298222 44.181442 21.213203 40.0 10.049875 31.764761 37.054016 42.0119 24.738634 14.3178215 5.0 35.805027 52.810986 42.953465 15.556349 27.313 18.110771 32.202484 10.198039 49.729267 30.413813 51.546097 19.849434
29.15476 57.45433 32.280025 10.198039 0.0 32.80244 21.095022 24.596748 18.027756 39.623226 48.04165 32.80244 19.235384 3.6055512 33.61547 24.186773 38.327538 38.587563 29.068884 15.231546 4.472136 27.658634 11.18034 46.75468 40.81666 32.80244 6.3245554 31.622776 52.34501 31.38471 33.01515 17.888544 14.422205 48.83646 11.401754 24.738634 37.336308 29.0 56.32051 51.739735 42.059483 17.0 42.0119 52.40229 35.846897 21.587032 52.201534 22.825424 45.276924 41.231056 44.72136 37.85499 35.17101 58.420887 17.20465 34.058773 26.41969 30.066593 16.27882 24.758837 27.0 50.20956 26.305893 20.615528 10.440307 43.840622 44.28318 35.22783 24.698177 37.336308 23.323807 24.839485 20.0 59.908264 21.189621 60.63827 29.15476
51.24451 75.66373 63.953106 40.24922 32.80244 0.0 12.0415945 31.257 16.643316 9.055386 77.201035 0.0 24.04163 36.23534 40.5216 56.859474 63.788715 7.0 25.632011 32.55764 32.24903 59.03389 23.43075 58.940647 61.008198 46.389652 38.209946 63.529522 82.219215 63.631752 61.983868 15.6205 18.439089 16.40122 37.336308 20.396078 41.785164 58.5235 83.18654 66.4906 35.846897 42.72002 59.3043 19.849434 34.713108 15.811388 76.1643 31.575306 75.272835 58.30952 14.0 30.083218 30.083218 88.23265 15.6205 23.409399 39.115215 18.439089 37.85499 8.5440035 20.024984 63.788715 30.594116 39.20459 42.72002 58.0517 14.035668 3.0 47.518417 61.400326 38.0 8.062258 50.159744 84.14868 14.3178215 91.5478 51.24451
43.185646 69.641945 52.924473 29.410883 21.095022 12.0415945 0.0 22.36068 5.0990195 20.12461 67.26812 12.0415945 14.035668 24.41311 36.891735 45.276924 55.00909 17.492855 24.083189 24.186773 21.189621 48.104053 11.401754 54.56189 53.935146 40.853397 26.24881 52.392746 72.03471 52.3259 51.971146 3.6055512 6.708204 28.42534 27.294687 17.691807 39.20459 48.270073 74.168724 61.46544 32.55764 33.13608 53.160137 31.890438 29.15476 6.708204 68.117546 22.090721 65.0 52.201534 23.769728 26.870058 25.612497 78.10249 4.1231055 20.615528 33.24154 15.0 29.017237 6.0 14.21267 59.093147 26.627054 31.400637 31.304953 52.924473 23.409399 14.21267 39.051247 53.037724 31.320919 5.0990195 39.56008 76.105194 4.472136 80.95678 43.185646
53.712196 81.9878 53.037724 34.539833 24.596748 31.257 22.36068 0.0 17.720045 40.311287 70.5762 31.257 8.5440035 25.298222 54.67175 43.011627 62.625874 32.89377 44.72136 37.536648 28.301943 49.25444 17.029387 70.178345 65.36819 55.97321 24.5153 52.009613 74.168724 51.009804 56.293873 19.924858 21.470911 46.173584 35.846897 38.483765 57.801384 52.17279 79.83107 75.802376 18.110771 41.59327 66.287254 49.0408 11.401754 16.03122 76.55064 2.0 67.26812 65.459915 35.846897 15.297058 12.165525 80.09994 22.472204 15.0 48.79549 15.264338 40.22437 28.284271 12.083046 74.02702 45.221676 44.20407 32.984844 67.62396 34.98571 31.780497 49.24429 61.846584 46.010868 27.166155 43.416588 84.118965 18.110771 81.055534 53.712196
42.953465 70.2282 50.289165 27.294687 18.027756 16.643316 5.0990195 17.720045 0.0 25.079872 65.490456 16.643316 9.219544 21.023796 39.051247 42.047592 54.147945 21.260292 27.45906 24.351591 19.104973 45.607018 7.2111025 56.0803 54.120235 42.059483 22.472204 49.648766 70.035706 49.396355 50.24938 2.236068 5.3851647 33.01515 26.019224 21.095022 41.725292 46.389652 73.0 62.609905 29.832869 32.06244 53.851646 36.40055 25.612497 4.1231055 67.601776 17.262676 62.968246 52.924473 26.925823 24.41311 22.671568 76.11833 5.0 18.788294 34.48188 13.601471 28.635643 11.045361 11.661903 60.41523 29.0 31.622776 28.460499 54.120235 26.41969 18.439089 38.63936 52.46904 32.202484 10.198039 37.48333 75.53807 3.1622777 78.58753 42.953465
53.851646 76.00658 69.339745 45.80393 39.623226 9.055386 20.12461 40.311287 25.079872 0.0 81.154175 9.055386 32.984844 43.185646 40.04997 63.126858 66.760765 10.816654 25.0 36.249138 38.28838 64.3506 31.38471 58.30952 62.514 47.095646 45.453274 69.065186 86.40602 69.40461 66.211784 23.70654 25.806976 9.848858 42.190044 21.587032 40.4475 63.06346 86.127815 66.189125 43.965897 46.957428 60.074955 13.416408 43.416588 24.738634 78.26238 40.60788 79.624115 59.07622 15.811388 38.327538 38.63936 92.309265 23.021729 31.780497 40.4475 27.166155 41.62932 15.0 29.0 63.28507 31.144823 42.059483 48.9183 58.034473 16.40122 9.219544 50.596443 64.03124 40.024994 15.264338 55.226807 86.145226 23.086792 96.150925 53.851646
28.600698 32.01562 18.384777 38.209946 48.04165 77.201035 67.26812 70.5762 65.490456 81.154175 0.0 77.201035 67.00746 46.010868 48.104053 28.79236 16.27882 83.9345 58.830265 44.94441 46.389652 21.377558 59.135437 40.718548 26.41969 39.59798 46.173584 19.697716 5.656854 21.470911 15.297058 64.77654 60.827625 91.0 40.024994 59.933296 50.931328 19.104973 11.313708 37.107952 88.68484 34.48188 31.764761 94.54099 81.88406 69.354164 17.117243 68.593 4.2426405 32.24903 90.70832 85.2115 82.29824 11.18034 63.15061 82.0 43.011627 78.10249 39.56008 68.68042 75.026665 38.8973 52.153618 39.357338 38.013157 37.12142 90.47099 80.08121 30.88689 19.849434 42.190044 69.375786 28.071337 19.723083 68.593 16.27882 28.600698
51.24451 75.66373 63.953106 40.24922 32.80244 0.0 12.0415945 31.257 16.643316 9.055386 77.201035 0.0 24.04163 36.23534 40.5216 56.859474 63.788715 7.0 25.632011 32.55764 32.24903 59.03389 23.43075 58.940647 61.008198 46.389652 38.209946 63.529522 82.219215 63.631752 61.983868 15.6205 18.439089 16.40122 37.336308 20.396078 41.785164 58.5235 83.18654 66.4906 35.846897 42.72002 59.3043 19.849434 34.713108 15.811388 76.1643 31.575306 75.272835 58.30952 14.0 30.083218 30.083218 88.23265 15.6205 23.409399 39.115215 18.439089 37.85499 8.5440035 20.024984 63.788715 30.594116 39.20459 42.72002 58.0517 14.035668 3.0 47.518417 61.400326 38.0 8.062258 50.159744 84.14868 14.3178215 91.5478 51.24451
47.539455 75.58439 50.358715 29.427877 19.235384 24.04163 14.035668 8.5440035 9.219544 32.984844 67.00746 24.04163 0.0 21.0 46.69047 41.0 57.48913 26.925823 36.23534 30.232433 22.135944 46.09772 9.433981 62.801273 59.093147 48.60041 21.213203 49.497475 71.063354 48.83646 52.153618 11.401754 13.038404 39.812057 29.732138 29.966648 49.67897 48.09366 75.53807 68.7968 23.259407 35.735138 59.5399 42.941822 17.804493 8.246211 71.30919 8.062258 64.03124 58.66856 31.144823 18.681541 16.155495 77.10383 13.928389 15.033297 41.231056 12.083046 33.54102 20.024984 8.5440035 66.85058 37.01351 37.215588 29.0 60.464867 30.413813 25.079872 43.081318 56.32051 38.600517 19.0 39.115215 79.07591 10.049875 78.77182 47.539455
29.206163 57.428215 29.614185 9.433981 3.6055512 36.23534 24.41311 25.298222 21.023796 43.185646 46.010868 36.23534 21.0 0.0 35.735138 21.023796 37.336308 41.880783 32.24903 17.464249 7.0 25.179358 13.928389 47.801674 40.804413 34.132095 3.0 28.86174 50.08992 28.460499 31.257 21.095022 17.804493 52.34501 12.206555 28.160255 39.56008 27.166155 54.74486 52.3259 43.174065 17.029387 42.44997 55.9017 36.687874 24.351591 51.264023 23.409399 43.046486 41.725292 47.88528 39.319206 36.496574 56.142673 20.615528 36.013885 28.231188 32.38827 17.492855 28.284271 29.15476 50.990196 29.068884 21.954498 8.0 44.687805 47.41308 38.600517 24.839485 36.67424 25.079872 28.319605 18.248287 58.821766 24.166092 58.0517 29.206163
20.0 36.013885 43.863426 29.15476 33.61547 40.5216 36.891735 54.67175 39.051247 40.04997 48.104053 40.5216 46.69047 35.735138 0.0 43.737854 31.890438 47.296936 15.132746 18.384777 29.15476 39.56008 37.64306 18.439089 24.166092 8.602325 38.600517 44.38468 53.75872 45.88028 36.05551 37.01351 33.970577 49.0408 24.33105 20.248457 4.0 34.88553 49.73932 26.172504 68.88396 23.086792 20.615528 52.153618 64.3506 42.80187 40.311287 53.413483 48.166378 19.646883 54.129475 63.411354 61.7171 58.898216 34.20526 57.428215 8.0 51.86521 19.104973 34.0147 50.606323 23.345236 10.29563 15.0 34.132095 18.0 54.34151 43.416588 19.697716 28.42534 11.045361 35.341194 31.780497 47.759815 40.804413 64.3506 20.0
27.294687 50.47772 10.440307 17.804493 24.186773 56.859474 45.276924 43.011627 42.047592 63.126858 28.79236 56.859474 41.0 21.023796 43.737854 0.0 27.202942 62.76942 47.010635 30.016663 24.839485 8.485281 34.928497 48.052055 35.846897 38.013157 19.924858 9.219544 31.575306 8.0 17.691807 42.059483 38.587563 72.62231 22.472204 45.0 47.67599 14.422205 39.357338 49.396355 61.008198 20.880613 39.849716 76.2168 54.037025 45.310043 39.623226 41.01219 25.0 39.56008 68.88396 58.137768 55.081757 37.336308 41.340054 55.9017 35.902645 52.886673 26.0 48.60041 49.47727 49.335587 41.62932 29.12044 14.21267 44.14748 68.42514 59.36329 25.0 28.653097 33.24154 48.82622 12.0415945 45.80393 45.188496 38.052597 27.294687
13.0 23.323807 19.924858 28.160255 38.327538 63.788715 55.00909 62.625874 54.147945 66.760765 16.27882 63.788715 57.48913 37.336308 31.890438 27.202942 0.0 70.71068 43.382023 31.257 35.510563 18.867962 48.6621 25.70992 11.18034 23.345236 38.483765 21.189621 21.931713 23.409399 9.848858 53.037724 49.0408 76.537575 28.160255 45.221676 34.655445 12.806249 19.416489 24.083189 80.36168 22.090721 16.492422 80.00625 74.0 58.21512 13.928389 60.74537 17.0 16.763054 77.64664 76.15773 73.4983 27.018513 51.0 72.00694 27.294687 67.47592 26.076809 55.443665 64.77654 25.019993 36.67424 24.738634 29.966648 21.84033 77.52419 66.75328 16.27882 3.6055512 26.925823 56.32051 19.723083 21.587032 57.07889 32.55764 13.0
58.21512 82.607506 70.26379 46.615448 38.587563 7.0 17.492855 32.89377 21.260292 10.816654 83.9345 7.0 26.925823 41.880783 47.296936 62.76942 70.71068 0.0 32.280025 39.45884 38.483765 65.39113 28.42534 65.734314 68.007355 53.338543 43.60046 69.77822 88.88757 69.77106 68.68042 20.808653 24.186773 13.341664 43.965897 27.294687 48.38388 65.14599 90.0944 73.34848 33.734257 49.47727 66.27216 16.155495 34.0 19.209373 83.15047 33.61547 81.908485 65.27634 7.0 28.284271 29.017237 94.92102 21.470911 22.022715 46.09772 18.248287 44.72136 15.297058 20.880613 70.61161 37.48333 46.173584 48.76474 64.93843 7.071068 4.0 54.451813 68.359344 45.0 14.56022 56.648037 91.13726 18.384777 98.0816 58.21512
30.413813 51.009804 50.32892 29.546574 29.068884 25.632011 24.083189 44.72136 27.45906 25.0 58.830265 25.632011 36.23534 32.24903 15.132746 47.010635 43.382023 32.280025 0.0 17.0 25.317978 45.453274 28.460499 33.54102 37.85499 22.203604 35.22783 50.447994 64.3506 51.40039 44.82187 25.23886 23.259407 34.234486 24.596748 6.4031243 16.155495 42.44997 62.39391 41.303753 56.63921 27.018513 35.128338 37.48333 53.009434 30.610456 53.851646 43.863426 58.00862 34.132095 39.051247 50.931328 49.67897 69.97142 22.472204 44.553337 16.155495 38.8973 21.400934 20.0 38.28838 38.470768 6.708204 19.849434 34.176014 33.06055 39.293766 28.460499 28.01785 40.311287 16.643316 21.400934 36.40055 61.611687 28.42534 74.63243 30.413813
19.026299 45.88028 33.970577 12.649111 15.231546 32.55764 24.186773 37.536648 24.351591 36.249138 44.94441 32.55764 30.232433 17.464249 18.384777 30.016663 31.257 39.45884 17.0 0.0 10.770329 29.0 20.808653 32.649654 29.832869 18.439089 20.396078 33.941124 50.159744 34.713108 29.966648 22.803509 18.973665 46.09772 7.615773 15.6205 22.135944 26.925823 50.635956 38.587563 53.338543 10.816654 29.546574 49.658836 48.010414 28.460499 44.011364 36.069378 43.382023 28.635643 46.389652 48.30114 46.141087 56.0803 20.396078 43.081318 11.401754 37.94733 5.3851647 24.186773 35.846897 36.619667 12.165525 7.28011 17.464249 30.232433 46.270943 35.510563 15.033297 29.017237 8.485281 25.079872 19.79899 52.009613 26.925823 59.94164 19.026299
25.495098 53.712196 31.780497 8.246211 4.472136 32.24903 21.189621 28.301943 19.104973 38.28838 46.389652 32.24903 22.135944 7.0 29.15476 24.839485 35.510563 38.483765 25.317978 10.770329 0.0 26.925823 13.152946 42.44997 37.12142 28.42534 10.0 31.304953 50.990196 31.38471 31.144823 18.439089 14.56022 47.801674 7.615773 21.540659 32.89377 27.294687 54.037025 47.63402 45.310043 13.601471 38.013157 51.40039 39.357338 23.021729 49.24429 26.627054 43.931767 37.202152 44.94441 40.804413 38.27532 57.070133 17.088007 36.496574 21.954498 32.06244 12.0415945 23.853722 29.274563 46.010868 22.090721 16.27882 10.630146 39.623226 44.598206 34.88553 21.023796 34.20526 18.867962 24.186773 18.439089 57.070133 22.203604 59.77458 25.495098
21.095022 42.190044 5.0 18.788294 27.658634 59.03389 48.104053 49.25444 45.607018 64.3506 21.377558 59.03389 46.09772 25.179358 39.56008 8.485281 18.867962 65.39113 45.453274 29.0 26.925823 0.0 38.832977 41.19466 28.160255 32.75668 25.0 5.0 25.0 6.3245554 9.219544 45.221676 41.4367 74.094536 22.203604 44.598206 43.32436 6.3245554 31.38471 41.761227 67.36468 18.439089 32.55764 77.698135 60.530983 49.24429 31.144823 47.26521 18.027756 32.38827 71.867935 64.03124 61.073727 31.016125 44.011364 61.13101 32.202484 57.558666 24.083189 50.537113 54.33231 41.976185 39.40812 26.076809 17.262676 37.215588 71.51224 61.741398 19.924858 20.615528 30.016663 50.990196 9.219544 37.44329 48.76474 32.984844 21.095022
38.27532 66.211784 43.416588 21.0 11.18034 23.43075 11.401754 17.029387 7.2111025 31.38471 59.135437 23.43075 9.433981 13.928389 37.64306 34.928497 48.6621 28.42534 28.460499 20.808653 13.152946 38.832977 0.0 53.413483 49.76947 39.20459 15.264338 42.72002 63.505905 42.379242 44.011364 7.81025 6.0827627 39.824615 20.615528 22.561028 40.804413 40.04997 67.11929 59.36329 32.649654 26.683329 50.119858 43.27817 27.202942 10.440307 62.369865 15.811388 56.435802 49.24429 34.132095 27.856777 25.495098 69.58448 8.5440035 23.345236 31.890438 19.0 24.166092 16.552946 16.124516 57.428215 28.301943 27.784887 21.587032 51.0392 33.61547 25.455845 33.83785 47.296936 29.206163 16.124516 31.06445 70.21396 10.29563 71.80529 38.27532
20.880613 18.681541 44.0 39.115215 46.75468 58.940647 54.56189 70.178345 56.0803 58.30952 40.718548 58.940647 62.801273 47.801674 18.439089 48.052055 25.70992 65.734314 33.54102 32.649654 42.44997 41.19466 53.413483 0.0 14.56022 14.21267 50.219517 45.01111 46.06517 47.042534 34.058773 54.20332 50.77401 67.02985 35.608986 38.600517 18.0 35.057095 38.28838 8.062258 85.70297 31.38471 9.219544 70.0 80.60397 60.033325 27.58623 68.68042 42.379242 9.055386 72.56721 80.454956 78.492035 49.92995 51.47815 74.793045 21.633308 69.354164 30.479502 52.201534 67.74216 5.0 28.460499 26.172504 43.416588 4.0 72.780495 61.846584 24.166092 22.36068 24.207438 53.488316 36.687874 33.600594 58.18075 56.435802 20.880613
11.661903 16.643316 30.265491 31.400637 40.81666 61.008198 53.935146 65.36819 54.120235 62.514 26.41969 61.008198 59.093147 40.804413 24.166092 35.846897 11.18034 68.007355 37.85499 29.832869 37.12142 28.160255 49.76947 14.56022 0.0 15.811388 42.638012 31.400637 31.906113 33.54102 20.09975 52.63079 48.76474 72.00694 29.529646 41.109608 26.076809 21.84033 25.806976 13.601471 82.346825 23.853722 5.3851647 75.31268 76.47875 58.24088 16.155495 63.631752 27.856777 5.8309517 75.00667 77.62087 75.23962 36.23534 50.219517 72.73238 22.090721 67.72001 25.632011 53.15073 65.459915 14.035668 31.400637 22.561028 34.655445 10.770329 75.026665 64.00781 16.124516 8.0 23.021729 54.230988 25.806976 23.769728 56.753853 42.43819 11.661903
12.083046 29.274563 36.687874 26.0 32.80244 46.389652 40.853397 55.97321 42.059483 47.095646 39.59798 46.389652 48.60041 34.132095 8.602325 38.013157 23.345236 53.338543 22.203604 18.439089 28.42534 32.75668 39.20459 14.21267 15.811388 0.0 36.71512 37.363083 45.254833 39.051247 28.178005 40.24922 36.71512 56.435802 21.954498 26.076809 11.401754 27.513634 41.18252 20.615528 71.561165 18.681541 13.0 59.682495 66.4003 46.06517 31.95309 54.48853 39.824615 12.0 60.299255 66.37017 64.3506 50.32892 37.576588 60.827625 7.615773 55.461697 16.643316 39.051247 53.712196 18.35756 16.0 12.206555 30.675724 12.083046 60.40695 49.365982 13.038404 19.849434 10.0 40.261642 26.0 39.56008 44.28318 55.86591 12.083046
31.144823 59.20304 29.15476 11.313708 6.3245554 38.209946 26.24881 24.5153 22.472204 45.453274 46.173584 38.209946 21.213203 3.0 38.600517 19.924858 38.483765 43.60046 35.22783 20.396078 10.0 25.0 15.264338 50.219517 42.638012 36.71512 0.0 28.284271 50.0 27.658634 31.780497 22.803509 19.79899 54.451813 14.764823 31.04835 42.44997 27.658634 55.31727 54.48853 42.579338 19.104973 44.553337 57.982758 35.902645 25.495098 52.392746 22.561028 43.011627 43.863426 49.396355 39.051247 36.124783 56.008926 22.627417 36.221542 31.016125 32.984844 20.12461 30.479502 29.614185 53.263496 32.06244 24.596748 8.5440035 47.010635 48.8774 40.459858 26.870058 38.078865 27.856777 30.413813 18.973665 59.808025 25.553865 57.558666 31.144823
25.495098 44.28318 1.4142135 23.323807 31.622776 63.529522 52.392746 52.009613 49.648766 69.065186 19.697716 63.529522 49.497475 28.86174 44.38468 9.219544 21.189621 69.77822 50.447994 33.941124 31.304953 5.0 42.72002 45.01111 31.400637 37.363083 28.284271 0.0 22.36068 2.236068 11.401754 49.396355 45.694637 78.77182 27.018513 49.517673 48.104053 10.049875 30.528675 44.911022 70.064255 23.43075 36.124783 82.37718 63.126858 53.160137 32.01562 50.01 15.811388 36.05551 76.15773 67.02985 64.00781 28.160255 48.332184 64.49806 37.12142 61.188232 29.068884 55.072678 57.870544 45.39824 44.407207 31.06445 21.189621 41.01219 75.76939 66.189125 24.698177 23.537205 34.98571 55.470715 14.142136 37.536648 52.810986 29.274563 25.495098
34.20526 36.124783 21.213203 42.755116 52.34501 82.219215 72.03471 74.168724 70.035706 86.40602 5.656854 82.219215 71.063354 50.08992 53.75872 31.575306 21.931713 88.88757 64.3506 50.159744 50.990196 25.0 63.505905 46.06517 31.906113 45.254833 50.0 22.36068 0.0 23.769728 20.248457 69.426216 65.51336 96.25487 44.922153 65.29931 56.586216 23.769728 12.649111 42.059483 92.26592 39.56008 37.215588 99.80982 85.37564 73.82411 21.095022 72.1734 7.071068 37.735924 95.60335 89.02247 86.05231 6.0827627 67.911705 86.09297 48.60041 82.38932 44.777225 73.68175 79.22752 44.011364 57.68882 44.777225 42.107006 42.544094 95.33625 85.07056 36.359318 25.495098 47.707443 74.330345 32.55764 21.84033 73.1642 10.630146 34.20526
27.294687 46.518814 3.6055512 23.600847 31.38471 63.631752 52.3259 51.009804 49.396355 69.40461 21.470911 63.631752 48.83646 28.460499 45.88028 8.0 23.409399 69.77106 51.40039 34.713108 31.38471 6.3245554 42.379242 47.042534 33.54102 39.051247 27.658634 2.236068 23.769728 0.0 13.601471 49.24429 45.617977 79.05694 27.58623 50.20956 49.648766 12.0 32.449963 47.07441 69.00725 24.41311 38.209946 82.661964 62.03225 52.810986 34.20526 49.010204 17.464249 38.118237 76.05919 66.1211 63.07139 29.427877 48.30114 63.788715 38.483765 60.63827 30.0 55.226807 57.271286 47.518417 45.486263 32.24903 21.023796 43.046486 75.643906 66.24198 26.24881 25.70992 36.23534 55.569775 15.0 39.623226 52.554733 30.066593 27.294687
16.124516 33.12099 10.198039 23.021729 33.01515 61.983868 51.971146 56.293873 50.24938 66.211784 15.297058 61.983868 52.153618 31.257 36.05551 17.691807 9.848858 68.68042 44.82187 29.966648 31.144823 9.219544 44.011364 34.058773 20.09975 28.178005 31.780497 11.401754 20.248457 13.601471 0.0 49.497475 45.54119 76.05919 24.738634 45.276924 39.446167 4.1231055 23.537205 33.54102 74.330345 19.313208 25.0 79.624115 67.68308 54.147945 22.022715 54.34151 13.416408 25.019993 75.43209 70.5762 67.74216 26.24881 47.853943 67.06713 29.732138 63.007935 24.596748 53.450912 60.00833 34.132095 38.28838 25.0 23.345236 30.066593 75.18643 64.84597 16.970562 12.165525 28.319605 54.120235 13.038404 28.653097 53.338543 30.016663 16.124516
41.59327 68.622154 49.979996 26.683329 17.888544 15.6205 3.6055512 19.924858 2.236068 23.70654 64.77654 15.6205 11.401754 21.095022 37.01351 42.059483 53.037724 20.808653 25.23886 22.803509 18.439089 45.221676 7.81025 54.20332 52.63079 40.24922 22.803509 49.396355 69.426216 49.24429 49.497475 0.0 4.0 32.01562 25.019993 18.867962 39.623226 45.705578 72.02777 60.835846 31.890438 31.0 52.201534 35.468296 27.802877 5.8309517 66.37017 19.416489 62.369865 51.264023 26.832815 26.400757 24.758837 75.50497 2.828427 20.59126 32.649654 15.231546 27.294687 9.219544 13.601471 58.59181 26.907248 30.083218 28.231188 52.3259 26.400757 17.691807 37.336308 51.24451 30.463093 8.5440035 36.878178 74.330345 4.1231055 78.160095 41.59327
37.65634 64.84597 46.238514 22.803509 14.422205 18.439089 6.708204 21.470911 5.3851647 25.806976 60.827625 18.439089 13.038404 17.804493 33.970577 38.587563 49.0408 24.186773 23.259407 18.973665 14.56022 41.4367 6.0827627 50.77401 48.76474 36.71512 19.79899 45.694637 65.51336 45.617977 45.54119 4.0 0.0 34.655445 21.023796 17.088007 36.796738 41.773197 68.0294 57.245087 35.0 27.0 48.466484 38.183765 30.413813 9.486833 62.39391 20.615528 58.463665 47.539455 30.463093 29.681644 27.802877 71.5891 2.828427 24.166092 29.15476 18.973665 23.345236 10.816654 17.0 55.072678 24.083189 26.24881 24.596748 48.76474 30.083218 20.808653 33.37664 47.26521 26.832815 10.630146 32.984844 70.34913 8.062258 74.330345 37.65634
63.600315 85.052925 79.07591 55.470715 48.83646 16.40122 28.42534 46.173584 33.01515 9.848858 91.0 16.40122 39.812057 52.34501 49.0408 72.62231 76.537575 13.341664 34.234486 46.09772 47.801674 74.094536 39.824615 67.02985 72.00694 56.435802 54.451813 78.77182 96.25487 79.05694 76.05919 32.01562 34.655445 0.0 51.971146 31.320919 49.0408 72.89719 95.880135 75.00667 46.173584 56.797886 69.354164 3.6055512 47.095646 31.764761 87.86353 46.818798 89.470665 68.359344 13.601471 41.01219 42.047592 102.156746 31.827662 35.057095 50.01 31.575306 51.47815 24.083189 34.20526 72.02777 40.60788 51.86521 58.412327 67.02985 14.56022 14.764823 60.40695 73.76314 49.729267 24.04163 65.0 95.707886 30.528675 105.99056 63.600315
17.888544 46.141087 27.202942 5.0990195 11.401754 37.336308 27.294687 35.846897 26.019224 42.190044 40.024994 37.336308 29.732138 12.206555 24.33105 22.472204 28.160255 43.965897 24.596748 7.615773 7.615773 22.203604 20.615528 35.608986 29.529646 21.954498 14.764823 27.018513 44.922153 27.58623 24.738634 25.019993 21.023796 51.971146 0.0 22.671568 28.284271 21.189621 47.010635 40.36087 52.924473 6.0827627 30.610456 55.569775 46.957428 30.066593 41.773197 34.132095 37.94733 29.832869 50.695168 48.38388 45.88028 50.96077 23.194826 43.931767 16.492422 39.319206 5.3851647 28.79236 36.67424 38.8973 19.646883 9.848858 10.049875 32.55764 50.447994 40.16217 13.416408 26.683329 13.341664 29.410883 13.038404 49.648766 29.0 54.230988 17.888544
32.280025 55.326305 49.57822 27.202942 24.738634 20.396078 17.691807 38.483765 21.095022 21.587032 59.933296 20.396078 29.966648 28.160255 20.248457 45.0 45.221676 27.294687 6.4031243 15.6205 21.540659 44.598206 22.561028 38.600517 41.109608 26.076809 31.04835 49.517673 65.29931 50.20956 45.276924 18.867962 17.088007 31.320919 22.671568 0.0 21.954498 42.43819 64.56005 46.09772 50.24938 26.400757 39.051247 34.785053 46.615448 24.207438 56.718605 37.696156 58.66856 38.052597 34.234486 44.553337 43.27817 71.11259 16.124516 38.209946 19.026299 32.55764 20.808653 13.892444 31.890438 43.416588 10.198039 20.615528 31.38471 37.65634 34.36568 23.345236 29.15476 42.44997 18.439089 15.264338 35.383614 64.629715 22.022715 75.29276 32.280025
23.323807 36.345562 47.539455 33.13608 37.336308 41.785164 39.20459 57.801384 41.725292 40.4475 50.931328 41.785164 49.67897 39.56008 4.0 47.67599 34.655445 48.38388 16.155495 22.135944 32.89377 43.32436 40.804413 18.0 26.076809 11.401754 42.44997 48.104053 56.586216 49.648766 39.446167 39.623226 36.796738 49.0408 28.284271 21.954498 0.0 38.483765 51.86521 26.019224 71.50524 27.073973 21.931713 52.0 67.20863 45.343136 42.059483 56.61272 51.224995 21.023796 55.081757 65.946945 64.381676 61.554855 36.796738 59.816387 12.0 54.20332 23.086792 35.846897 53.15073 23.0 12.727922 19.0 38.118237 18.439089 55.362442 44.598206 23.409399 31.112698 15.033297 37.215588 35.69314 49.24429 43.27817 67.20863 23.323807
15.524175 36.05551 9.219544 19.104973 29.0 58.5235 48.270073 52.17279 46.389652 63.06346 19.104973 58.5235 48.09366 27.166155 34.88553 14.422205 12.806249 65.14599 42.44997 26.925823 27.294687 6.3245554 40.04997 35.057095 21.84033 27.513634 27.658634 10.049875 23.769728 12.0 4.1231055 45.705578 41.773197 72.89719 21.189621 42.43819 38.483765 0.0 27.658634 35.44009 70.21396 16.124516 26.305893 76.47875 63.560993 50.24938 25.806976 50.219517 16.763054 26.172504 71.8401 66.48308 63.63961 29.832869 44.14748 63.03174 28.01785 59.03389 21.633308 49.979996 56.0 35.69314 36.069378 22.627417 19.235384 31.06445 71.568146 61.351448 15.264338 14.3178215 26.24881 50.596443 9.0 32.649654 49.497475 33.105892 15.524175
32.280025 25.0 29.15476 46.173584 56.32051 83.18654 74.168724 79.83107 73.0 86.127815 11.313708 83.18654 75.53807 54.74486 49.73932 39.357338 19.416489 90.0944 62.39391 50.635956 54.037025 31.38471 67.11929 38.28838 25.806976 41.18252 55.31727 30.528675 12.649111 32.449963 23.537205 72.02777 68.0294 95.880135 47.010635 64.56005 51.86521 27.658634 0.0 32.75668 97.862144 41.04875 30.479502 99.32774 91.21951 77.00649 10.816654 77.87811 15.556349 31.241 97.015465 94.04786 91.24144 13.152946 70.11419 90.35486 46.238514 86.09297 45.39824 74.8131 83.21658 35.22783 55.713554 44.14748 46.872166 35.35534 96.87621 86.145226 35.69314 22.135944 46.173584 75.66373 36.496574 9.219544 76.00658 20.22375 32.280025
23.600847 10.770329 43.737854 43.185646 51.739735 66.4906 61.46544 75.802376 62.609905 66.189125 37.107952 66.4906 68.7968 52.3259 26.172504 49.396355 24.083189 73.34848 41.303753 38.587563 47.63402 41.761227 59.36329 8.062258 13.601471 20.615528 54.48853 44.911022 42.059483 47.07441 33.54102 60.835846 57.245087 75.00667 40.36087 46.09772 26.019224 35.44009 32.75668 0.0 91.92388 35.383614 10.0 78.00641 86.53323 66.64083 21.954498 74.20242 39.45884 10.630146 80.23092 86.833176 84.723076 45.188496 58.18075 81.394104 28.231188 76.05919 35.608986 59.48109 74.24284 3.1622777 35.902645 31.622776 47.010635 8.5440035 80.411446 69.426216 27.658634 21.377558 30.413813 60.728905 38.948685 26.870058 64.884514 52.0 23.600847
70.77429 98.84331 71.11259 52.201534 42.059483 35.846897 32.55764 18.110771 29.832869 43.965897 88.68484 35.846897 23.259407 43.174065 68.88396 61.008198 80.36168 33.734257 56.63921 53.338543 45.310043 67.36468 32.649654 85.70297 82.346825 71.561165 42.579338 70.064255 92.26592 69.00725 74.330345 31.890438 35.0 46.173584 52.924473 50.24938 71.50524 70.21396 97.862144 91.92388 0.0 58.872746 82.764725 48.010414 7.071068 26.172504 94.254974 20.09975 85.37564 81.88406 33.0 5.8309517 7.2111025 98.1835 34.713108 12.529964 64.070274 18.027756 56.797886 37.202152 18.384777 89.88882 58.796257 60.41523 50.990196 83.528435 32.0 34.785053 66.309875 79.37884 61.587337 35.805027 61.39218 101.92154 28.284271 99.00505 70.77429
12.206555 40.496914 23.345236 7.81025 17.0 42.72002 33.13608 41.59327 32.06244 46.957428 34.48188 42.72002 35.735138 17.029387 23.086792 20.880613 22.090721 49.47727 27.018513 10.816654 13.601471 18.439089 26.683329 31.38471 23.853722 18.681541 19.104973 23.43075 39.56008 24.41311 19.313208 31.0 27.0 56.797886 6.0827627 26.400757 27.073973 16.124516 41.04875 35.383614 58.872746 0.0 25.455845 60.373837 52.801514 36.124783 35.69314 39.824615 32.695564 24.758837 56.293873 54.405884 51.86521 45.54119 29.068884 50.01 15.132746 45.39824 5.656854 34.20526 42.755116 34.20526 21.095022 8.246211 12.083046 28.01785 56.089214 45.607018 7.81025 20.615528 12.369317 34.928497 9.433981 43.56604 35.014282 49.193497 12.206555
13.601471 16.492422 35.057095 33.24154 42.0119 59.3043 53.160137 66.287254 53.851646 60.074955 31.764761 59.3043 59.5399 42.44997 20.615528 39.849716 16.492422 66.27216 35.128338 29.546574 38.013157 32.55764 50.119858 9.219544 5.3851647 13.0 44.553337 36.124783 37.215588 38.209946 25.0 52.201534 48.466484 69.354164 30.610456 39.051247 21.931713 26.305893 30.479502 10.0 82.764725 25.455845 0.0 72.56032 77.175125 57.939625 20.248457 64.63745 33.24154 1.0 73.24616 77.820305 75.591 41.400482 49.648766 72.615425 20.22375 67.41662 26.076809 51.78803 65.39113 9.486833 29.0 22.36068 37.01351 5.3851647 73.33485 62.289646 17.691807 13.152946 21.84033 52.95281 29.068884 27.313 56.302753 47.707443 13.601471
67.052216 88.14193 82.68011 59.07622 52.40229 19.849434 31.890438 49.0408 36.40055 13.416408 94.54099 19.849434 42.941822 55.9017 52.153618 76.2168 80.00625 16.155495 37.48333 49.658836 51.40039 77.698135 43.27817 70.0 75.31268 59.682495 57.982758 82.37718 99.80982 82.661964 79.624115 35.468296 38.183765 3.6055512 55.569775 34.785053 52.0 76.47875 99.32774 78.00641 48.010414 60.373837 72.56032 0.0 49.365982 34.98571 91.21951 49.76947 93.03763 71.568146 15.033297 43.046486 44.28318 105.702415 35.35534 37.336308 53.366657 34.20526 55.03635 27.658634 37.0 75.0 43.931767 55.362442 62.008064 70.11419 16.03122 18.027756 63.90618 77.201035 53.160137 27.58623 68.60029 99.0404 33.83785 109.56733 67.052216
64.84597 93.05912 64.195015 45.88028 35.846897 34.713108 29.15476 11.401754 25.612497 43.416588 81.88406 34.713108 17.804493 36.687874 64.3506 54.037025 74.0 34.0 53.009434 48.010414 39.357338 60.530983 27.202942 80.60397 76.47875 66.4003 35.902645 63.126858 85.37564 62.03225 67.68308 27.802877 30.413813 47.095646 46.957428 46.615448 67.20863 63.560993 91.21951 86.53323 7.071068 52.801514 77.175125 49.365982 0.0 22.472204 87.92042 13.341664 78.51752 76.321686 34.713108 7.2111025 5.0990195 91.26884 30.610456 12.0415945 59.03389 16.27882 51.10773 34.43835 15.231546 84.6286 54.48853 54.91812 44.38468 78.23682 33.734257 34.234486 60.373837 73.1642 56.400356 33.105892 54.81788 95.50916 24.698177 92.0 64.84597
47.07441 74.330345 53.851646 31.144823 21.587032 15.811388 6.708204 16.03122 4.1231055 24.738634 69.354164 15.811388 8.246211 24.351591 42.80187 45.310043 58.21512 19.209373 30.610456 28.460499 23.021729 49.24429 10.440307 60.033325 58.24088 46.06517 25.495098 53.160137 73.82411 52.810986 54.147945 5.8309517 9.486833 31.764761 30.066593 24.207438 45.343136 50.24938 77.00649 66.64083 26.172504 36.124783 57.939625 34.98571 22.472204 0.0 71.70077 16.03122 66.75328 57.00877 24.207438 20.615528 19.104973 79.9062 8.602325 14.764823 38.470768 9.486833 32.75668 12.369317 7.81025 64.412735 32.649654 35.735138 32.01562 58.137768 23.600847 17.0 42.755116 56.568542 36.249138 11.18034 41.303753 79.630394 2.236068 82.2253 47.07441
25.0 15.033297 30.610456 42.059483 52.201534 76.1643 68.117546 76.55064 67.601776 78.26238 17.117243 76.1643 71.30919 51.264023 40.311287 39.623226 13.928389 83.15047 53.851646 44.011364 49.24429 31.144823 62.369865 27.58623 16.155495 31.95309 52.392746 32.01562 21.095022 34.20526 22.022715 66.37017 62.39391 87.86353 41.773197 56.718605 42.059483 25.806976 10.816654 21.954498 94.254974 35.69314 20.248457 91.21951 87.92042 71.70077 0.0 74.672615 20.615528 21.095022 90.13878 89.98889 87.36132 23.409399 64.195015 85.70297 37.85499 81.04937 39.115215 68.0294 78.44743 24.41311 47.296936 37.01351 43.863426 24.839485 90.088844 79.15807 29.068884 15.132746 38.327538 69.00725 33.54102 8.0 70.45566 30.364452 25.0
51.971146 80.26207 51.0392 32.695564 22.825424 31.575306 22.090721 2.0 17.262676 40.60788 68.593 31.575306 8.062258 23.409399 53.413483 41.01219 60.74537 33.61547 43.863426 36.069378 26.627054 47.26521 15.811388 68.68042 63.631752 54.48853 22.561028 50.01 72.1734 49.010204 54.34151 19.416489 20.615528 46.818798 34.132095 37.696156 56.61272 50.219517 77.87811 74.20242 20.09975 39.824615 64.63745 49.76947 13.341664 16.03122 74.672615 0.0 65.27634 63.82006 36.891735 17.262676 14.142136 78.10249 21.84033 16.643316 47.38143 16.40122 38.600517 28.071337 13.038404 72.47068 44.102154 42.638012 31.04835 66.068146 36.05551 32.280025 47.507893 60.00833 44.553337 27.018513 41.484936 82.219215 18.0 79.05694 51.971146
28.284271 35.22783 14.56022 35.69314 45.276924 75.272835 65.0 67.26812 62.968246 79.624115 4.2426405 75.272835 64.03124 43.046486 48.166378 25.0 17.0 81.908485 58.00862 43.382023 43.931767 18.027756 56.435802 42.379242 27.856777 39.824615 43.011627 15.811388 7.071068 17.464249 13.416408 62.369865 58.463665 89.470665 37.94733 58.66856 51.224995 16.763054 15.556349 39.45884 85.37564 32.695564 33.24154 93.03763 78.51752 66.75328 20.615528 65.27634 0.0 33.61547 88.60023 82.05486 79.101204 13.152946 60.876926 79.05694 42.520584 75.32596 38.013157 66.730804 72.1734 41.0 51.40039 38.27532 35.057095 38.626415 88.32327 78.1089 30.0 20.59126 41.400482 67.357254 25.495098 23.853722 66.09841 16.643316 28.284271
13.038404 17.464249 35.014282 32.55764 41.231056 58.30952 52.201534 65.459915 52.924473 59.07622 32.24903 58.30952 58.66856 41.725292 19.646883 39.56008 16.763054 65.27634 34.132095 28.635643 37.202152 32.38827 49.24429 9.055386 5.8309517 12.0 43.863426 36.05551 37.735924 38.118237 25.019993 51.264023 47.539455 68.359344 29.832869 38.052597 21.023796 26.172504 31.241 10.630146 81.88406 24.758837 1.0 71.568146 76.321686 57.00877 21.095022 63.82006 33.61547 0.0 72.249565 76.922035 74.70609 42.0119 48.703182 71.693794 19.235384 66.48308 25.23886 50.803543 64.4748 9.848858 28.0 21.470911 36.40055 5.0990195 72.33948 61.294373 17.029387 13.341664 20.880613 51.971146 28.635643 28.231188 55.362442 48.259712 13.038404
65.192024 89.560036 76.6942 53.14132 44.72136 14.0 23.769728 35.846897 26.925823 15.811388 90.70832 14.0 31.144823 47.88528 54.129475 68.88396 77.64664 7.0 39.051247 46.389652 44.94441 71.867935 34.132095 72.56721 75.00667 60.299255 49.396355 76.15773 95.60335 76.05919 75.43209 26.832815 30.463093 13.601471 50.695168 34.234486 55.081757 71.8401 97.015465 80.23092 33.0 56.293873 73.24616 15.033297 34.713108 24.207438 90.13878 36.891735 88.60023 72.249565 0.0 28.160255 29.614185 101.65137 27.856777 22.803509 53.08484 20.59126 51.62364 22.203604 23.853722 77.46612 44.407207 53.15073 55.03635 71.84706 1.0 11.0 61.400326 75.32596 52.0 21.377558 63.245552 98.12747 23.853722 104.67569 65.192024
66.12866 94.02127 68.007355 48.052055 37.85499 30.083218 26.870058 15.297058 24.41311 38.327538 85.2115 30.083218 18.681541 39.319206 63.411354 58.137768 76.15773 28.284271 50.931328 48.30114 40.804413 64.03124 27.856777 80.454956 77.62087 66.37017 39.051247 67.02985 89.02247 66.1211 70.5762 26.400757 29.681644 41.01219 48.38388 44.553337 65.946945 66.48308 94.04786 86.833176 5.8309517 54.405884 77.820305 43.046486 7.2111025 20.615528 89.98889 17.262676 82.05486 76.922035 28.160255 0.0 3.1622777 95.005264 29.206163 6.708204 58.830265 12.206555 52.0 31.400637 12.806249 84.723076 53.263496 55.461697 47.26521 78.39005 27.166155 29.12044 61.68468 75.0 56.435802 30.0 57.558666 97.74457 22.671568 96.18732 66.12866
63.694584 91.706055 65.0 45.35416 35.17101 30.083218 25.612497 12.165525 22.671568 38.63936 82.29824 30.083218 16.155495 36.496574 61.7171 55.081757 73.4983 29.017237 49.67897 46.141087 38.27532 61.073727 25.495098 78.492035 75.23962 64.3506 36.124783 64.00781 86.05231 63.07139 67.74216 24.758837 27.802877 42.047592 45.88028 43.27817 64.381676 63.63961 91.24144 84.723076 7.2111025 51.86521 75.591 44.28318 5.0990195 19.104973 87.36132 14.142136 79.101204 74.70609 29.614185 3.1622777 0.0 92.021736 27.58623 7.0 56.859474 11.7046995 49.658836 30.528675 11.401754 82.68011 51.662365 53.235325 44.407207 76.321686 28.635643 29.427877 59.236813 72.42237 54.378304 29.15476 54.74486 95.07891 21.260292 93.13431 63.694584
39.661064 38.078865 27.073973 48.83646 58.420887 88.23265 78.10249 80.09994 76.11833 92.309265 11.18034 88.23265 77.10383 56.142673 58.898216 37.336308 27.018513 94.92102 69.97142 56.0803 57.070133 31.016125 69.58448 49.92995 36.23534 50.32892 56.008926 28.160255 6.0827627 29.427877 26.24881 75.50497 71.5891 102.156746 50.96077 71.11259 61.554855 29.832869 13.152946 45.188496 98.1835 45.54119 41.400482 105.702415 91.26884 79.9062 23.409399 78.10249 13.152946 42.0119 101.65137 95.005264 92.021736 0.0 73.97973 92.13577 54.08327 88.45903 50.695168 79.69943 85.28775 47.41308 63.28507 50.537113 48.166378 46.615448 101.390335 91.09336 42.059483 30.479502 53.338543 80.36168 38.63936 22.0 79.24645 7.071068 39.661064
39.319206 66.09841 48.8467 25.298222 17.20465 15.6205 4.1231055 22.472204 5.0 23.021729 63.15061 15.6205 13.928389 20.615528 34.20526 41.340054 51.0 21.470911 22.472204 20.396078 17.088007 44.011364 8.5440035 51.47815 50.219517 37.576588 22.627417 48.332184 67.911705 48.30114 47.853943 2.828427 2.828427 31.827662 23.194826 16.124516 36.796738 44.14748 70.11419 58.18075 34.713108 29.068884 49.648766 35.35534 30.610456 8.602325 64.195015 21.84033 60.876926 48.703182 27.856777 29.206163 27.58623 73.97973 0.0 23.323807 29.966648 17.888544 25.079872 8.062258 16.40122 55.9017 24.083189 27.658634 27.294687 49.658836 27.513634 18.027756 35.128338 49.09175 27.856777 7.81025 35.44009 72.1734 6.708204 76.843994 39.319206
61.400326 88.95505 65.37584 44.181442 34.058773 23.409399 20.615528 15.0 18.788294 31.780497 82.0 23.409399 15.033297 36.013885 57.428215 55.9017 72.00694 22.022715 44.553337 43.081318 36.496574 61.13101 23.345236 74.793045 72.73238 60.827625 36.221542 64.49806 86.09297 63.788715 67.06713 20.59126 24.166092 35.057095 43.931767 38.209946 59.816387 63.03174 90.35486 81.394104 12.529964 50.01 72.615425 37.336308 12.0415945 14.764823 85.70297 16.643316 79.05694 71.693794 22.803509 6.708204 7.0 92.13577 23.323807 0.0 53.235325 5.656854 47.127487 24.839485 7.28011 79.17702 47.201694 50.32892 44.011364 72.89719 21.84033 22.561028 57.00877 70.61161 50.990196 23.43075 54.037025 93.55747 16.643316 93.770996 61.400326
14.422205 36.67424 36.71512 21.213203 26.41969 39.115215 33.24154 48.79549 34.48188 40.4475 43.011627 39.115215 41.231056 28.231188 8.0 35.902645 27.294687 46.09772 16.155495 11.401754 21.954498 32.202484 31.890438 21.633308 22.090721 7.615773 31.016125 37.12142 48.60041 38.483765 29.732138 32.649654 29.15476 50.01 16.492422 19.026299 12.0 28.01785 46.238514 28.231188 64.070274 15.132746 20.22375 53.366657 59.03389 38.470768 37.85499 47.38143 42.520584 19.235384 53.08484 58.830265 56.859474 54.08327 29.966648 53.235325 0.0 47.853943 11.18034 31.575306 46.141087 25.942244 9.486833 7.0 26.172504 19.697716 53.15073 42.107006 12.806249 24.166092 3.1622777 32.75668 24.04163 45.705578 36.67424 59.03389 14.422205
56.515484 83.81527 61.983868 40.0 30.066593 18.439089 15.0 15.264338 13.601471 27.166155 78.10249 18.439089 12.083046 32.38827 51.86521 52.886673 67.47592 18.248287 38.8973 37.94733 32.06244 57.558666 19.0 69.354164 67.72001 55.461697 32.984844 61.188232 82.38932 60.63827 63.007935 15.231546 18.973665 31.575306 39.319206 32.55764 54.20332 59.03389 86.09297 76.05919 18.027756 45.39824 67.41662 34.20526 16.27882 9.486833 81.04937 16.40122 75.32596 66.48308 20.59126 12.206555 11.7046995 88.45903 17.888544 5.656854 47.853943 0.0 42.201897 19.209373 3.6055512 73.790245 41.617306 45.221676 40.311287 67.54258 19.723083 18.027756 52.17279 65.9242 45.694637 17.804493 50.039986 88.95505 11.18034 90.426765 56.515484
14.3178215 42.047592 29.0 10.049875 16.27882 37.85499 29.017237 40.22437 28.635643 41.62932 39.56008 37.85499 33.54102 17.492855 19.104973 26.0 26.076809 44.72136 21.400934 5.3851647 12.0415945 24.083189 24.166092 30.479502 25.632011 16.643316 20.12461 29.068884 44.777225 30.0 24.596748 27.294687 23.345236 51.47815 5.3851647 20.808653 23.086792 21.633308 45.39824 35.608986 56.797886 5.656854 26.076809 55.03635 51.10773 32.75668 39.115215 38.600517 38.013157 25.23886 51.62364 52.0 49.658836 50.695168 25.079872 47.127487 11.18034 42.201897 0.0 29.427877 39.849716 33.970577 15.652476 4.472136 15.033297 27.58623 51.47815 40.792156 10.049875 24.020824 8.062258 30.265491 15.0 47.095646 31.400637 54.589375 14.3178215
43.046486 68.24954 55.470715 31.764761 24.758837 8.5440035 6.0 28.284271 11.045361 15.0 68.68042 8.5440035 20.024984 28.284271 34.0147 48.60041 55.443665 15.297058 20.0 24.186773 23.853722 50.537113 16.552946 52.201534 53.15073 39.051247 30.479502 55.072678 73.68175 55.226807 53.450912 9.219544 10.816654 24.083189 28.79236 13.892444 35.846897 49.979996 74.8131 59.48109 37.202152 34.20526 51.78803 27.658634 34.43835 12.369317 68.0294 28.071337 66.730804 50.803543 22.203604 31.400637 30.528675 79.69943 8.062258 24.839485 31.575306 19.209373 29.427877 0.0 19.235384 56.920998 23.769728 31.016125 34.4093 50.96077 22.090721 11.401754 39.20459 53.15073 30.149628 1.4142135 41.62932 76.02631 10.198039 83.00603 43.046486
54.120235 81.706795 58.694122 37.054016 27.0 20.024984 14.21267 12.083046 11.661903 29.0 75.026665 20.024984 8.5440035 29.15476 50.606323 49.47727 64.77654 20.880613 38.28838 35.846897 29.274563 54.33231 16.124516 67.74216 65.459915 53.712196 29.614185 57.870544 79.22752 57.271286 60.00833 13.601471 17.0 34.20526 36.67424 31.890438 53.15073 56.0 83.21658 74.24284 18.384777 42.755116 65.39113 37.0 15.231546 7.81025 78.44743 13.038404 72.1734 64.4748 23.853722 12.806249 11.401754 85.28775 16.40122 7.28011 46.141087 3.6055512 39.849716 19.235384 0.0 72.06941 40.459858 43.081318 37.12142 65.76473 23.021729 20.09975 49.729267 63.348244 43.829212 17.888544 47.0 86.313385 9.899495 87.13208 54.120235
22.825424 13.928389 44.28318 42.0119 50.20956 63.788715 59.093147 74.02702 60.41523 63.28507 38.8973 63.788715 66.85058 50.990196 23.345236 49.335587 25.019993 70.61161 38.470768 36.619667 46.010868 41.976185 57.428215 5.0 14.035668 18.35756 53.263496 45.39824 44.011364 47.518417 34.132095 58.59181 55.072678 72.02777 38.8973 43.416588 23.0 35.69314 35.22783 3.1622777 89.88882 34.20526 9.486833 75.0 84.6286 64.412735 24.41311 72.47068 41.0 9.848858 77.46612 84.723076 82.68011 47.41308 55.9017 79.17702 25.942244 73.790245 33.970577 56.920998 72.06941 0.0 33.24154 29.832869 46.043457 6.4031243 77.665955 66.70832 26.627054 22.022715 28.301943 58.189346 38.483765 29.732138 62.609905 54.129475 22.825424
23.70654 45.17743 44.20407 24.738634 26.305893 30.594116 26.627054 45.221676 29.0 31.144823 52.153618 30.594116 37.01351 29.068884 10.29563 41.62932 36.67424 37.48333 6.708204 12.165525 22.090721 39.40812 28.301943 28.460499 31.400637 16.0 32.06244 44.407207 57.68882 45.486263 38.28838 26.907248 24.083189 40.60788 19.646883 10.198039 12.727922 36.069378 55.713554 35.902645 58.796257 21.095022 29.0 43.931767 54.48853 32.649654 47.296936 44.102154 51.40039 28.0 44.407207 53.263496 51.662365 63.28507 24.083189 47.201694 9.486833 41.617306 15.652476 23.769728 40.459858 33.24154 0.0 13.453624 29.614185 27.45906 44.553337 33.54102 21.400934 33.61547 10.0 25.079872 30.528675 55.108982 30.610456 68.007355 23.70654
12.0415945 38.626415 30.805843 14.3178215 20.615528 39.20459 31.400637 44.20407 31.622776 42.059483 39.357338 39.20459 37.215588 21.954498 15.0 29.12044 24.738634 46.173584 19.849434 7.28011 16.27882 26.076809 27.784887 26.172504 22.561028 12.206555 24.596748 31.06445 44.777225 32.24903 25.0 30.083218 26.24881 51.86521 9.848858 20.615528 19.0 22.627417 44.14748 31.622776 60.41523 8.246211 22.36068 55.362442 54.91812 35.735138 37.01351 42.638012 38.27532 21.470911 53.15073 55.461697 53.235325 50.537113 27.658634 50.32892 7.0 45.221676 4.472136 31.016125 43.081318 29.832869 13.453624 0.0 19.235384 23.43075 53.08484 42.190044 8.5440035 22.203604 4.1231055 32.0 17.464249 45.01111 34.20526 54.91812 12.0415945
23.43075 51.088158 21.84033 5.0 10.440307 42.72002 31.304953 32.984844 28.460499 48.9183 38.013157 42.72002 29.0 8.0 34.132095 14.21267 29.966648 48.76474 34.176014 17.464249 10.630146 17.262676 21.587032 43.416588 34.655445 30.675724 8.5440035 21.189621 42.107006 21.023796 23.345236 28.231188 24.596748 58.412327 10.049875 31.38471 38.118237 19.235384 46.872166 47.010635 50.990196 12.083046 37.01351 62.008064 44.38468 32.01562 43.863426 31.04835 35.057095 36.40055 55.03635 47.26521 44.407207 48.166378 27.294687 44.011364 26.172504 40.311287 15.033297 34.4093 37.12142 46.043457 29.614185 19.235384 0.0 39.962482 54.626 45.276924 19.416489 29.681644 23.086792 34.669872 10.440307 51.264023 31.622776 50.219517 23.43075
17.088007 18.027756 40.0 35.805027 43.840622 58.0517 52.924473 67.62396 54.120235 58.034473 37.12142 58.0517 60.464867 44.687805 18.0 44.14748 21.84033 64.93843 33.06055 30.232433 39.623226 37.215588 51.0392 4.0 10.770329 12.083046 47.010635 41.01219 42.544094 43.046486 30.066593 52.3259 48.76474 67.02985 32.55764 37.65634 18.439089 31.06445 35.35534 8.5440035 83.528435 28.01785 5.3851647 70.11419 78.23682 58.137768 24.839485 66.068146 38.626415 5.0990195 71.84706 78.39005 76.321686 46.615448 49.658836 72.89719 19.697716 67.54258 27.58623 50.96077 65.76473 6.4031243 27.45906 23.43075 39.962482 0.0 72.00694 61.0 20.59126 18.439089 21.954498 52.201534 32.89377 31.38471 56.364883 53.0 17.088007
65.12296 89.6772 76.321686 52.810986 44.28318 14.035668 23.409399 34.98571 26.41969 16.40122 90.47099 14.035668 30.413813 47.41308 54.34151 68.42514 77.52419 7.071068 39.293766 46.270943 44.598206 71.51224 33.61547 72.780495 75.026665 60.40695 48.8774 75.76939 95.33625 75.643906 75.18643 26.400757 30.083218 14.56022 50.447994 34.36568 55.362442 71.568146 96.87621 80.411446 32.0 56.089214 73.33485 16.03122 33.734257 23.600847 90.088844 36.05551 88.32327 72.33948 1.0 27.166155 28.635643 101.390335 27.513634 21.84033 53.15073 19.723083 51.47815 22.090721 23.021729 77.665955 44.553337 53.08484 54.626 72.00694 0.0 11.045361 61.294373 75.23962 52.009613 21.213203 62.936478 98.0816 23.323807 104.35516 65.12296
54.230988 78.63841 66.64083 42.953465 35.22783 3.0 14.21267 31.780497 18.439089 9.219544 80.08121 3.0 25.079872 38.600517 43.416588 59.36329 66.75328 4.0 28.460499 35.510563 34.88553 61.741398 25.455845 61.846584 64.00781 49.365982 40.459858 66.189125 85.07056 66.24198 64.84597 17.691807 20.808653 14.764823 40.16217 23.345236 44.598206 61.351448 86.145226 69.426216 34.785053 45.607018 62.289646 18.027756 34.234486 17.0 79.15807 32.280025 78.1089 61.294373 11.0 29.12044 29.427877 91.09336 18.027756 22.561028 42.107006 18.027756 40.792156 11.401754 20.09975 66.70832 33.54102 42.190044 45.276924 61.0 11.045361 0.0 50.48762 64.381676 41.0 10.770329 52.924473 87.14356 15.811388 94.33981 54.230988
4.472136 32.75668 24.166092 15.556349 24.698177 47.518417 39.051247 49.24429 38.63936 50.596443 30.88689 47.518417 43.081318 24.839485 19.697716 25.0 16.27882 54.451813 28.01785 15.033297 21.023796 19.924858 33.83785 24.166092 16.124516 13.038404 26.870058 24.698177 36.359318 26.24881 16.970562 37.336308 33.37664 60.40695 13.416408 29.15476 23.409399 15.264338 35.69314 27.658634 66.309875 7.81025 17.691807 63.90618 60.373837 42.755116 29.068884 47.507893 30.0 17.029387 61.400326 61.68468 59.236813 42.059483 35.128338 57.00877 12.806249 52.17279 10.049875 39.20459 49.729267 26.627054 21.400934 8.5440035 19.416489 20.59126 61.294373 50.48762 0.0 14.0 11.401754 40.112343 13.038404 37.054016 41.4367 46.615448 4.472136
10.198039 22.022715 22.36068 27.313 37.336308 61.400326 53.037724 61.846584 52.46904 64.03124 19.849434 61.400326 56.32051 36.67424 28.42534 28.653097 3.6055512 68.359344 40.311287 29.017237 34.20526 20.615528 47.296936 22.36068 8.0 19.849434 38.078865 23.537205 25.495098 25.70992 12.165525 51.24451 47.26521 73.76314 26.683329 42.44997 31.112698 14.3178215 22.135944 21.377558 79.37884 20.615528 13.152946 77.201035 73.1642 56.568542 15.132746 60.00833 20.59126 13.341664 75.32596 75.0 72.42237 30.479502 49.09175 70.61161 24.166092 65.9242 24.020824 53.15073 63.348244 22.022715 33.61547 22.203604 29.681644 18.439089 75.23962 64.381676 14.0 0.0 24.04163 54.08327 19.849434 23.086792 55.326305 36.124783 10.198039
13.928389 38.327538 34.669872 18.110771 23.323807 38.0 31.320919 46.010868 32.202484 40.024994 42.190044 38.0 38.600517 25.079872 11.045361 33.24154 26.925823 45.0 16.643316 8.485281 18.867962 30.016663 29.206163 24.207438 23.021729 10.0 27.856777 34.98571 47.707443 36.23534 28.319605 30.463093 26.832815 49.729267 13.341664 18.439089 15.033297 26.24881 46.173584 30.413813 61.587337 12.369317 21.84033 53.160137 56.400356 36.249138 38.327538 44.553337 41.400482 20.880613 52.0 56.435802 54.378304 53.338543 27.856777 50.990196 3.1622777 45.694637 8.062258 30.149628 43.829212 28.301943 10.0 4.1231055 23.086792 21.954498 52.009613 41.0 11.401754 24.04163 0.0 31.257 21.540659 46.270943 34.539833 58.00862 13.928389
44.011364 69.426216 55.9017 32.202484 24.839485 8.062258 5.0990195 27.166155 10.198039 15.264338 69.375786 8.062258 19.0 28.319605 35.341194 48.82622 56.32051 14.56022 21.400934 25.079872 24.186773 50.990196 16.124516 53.488316 54.230988 40.261642 30.413813 55.470715 74.330345 55.569775 54.120235 8.5440035 10.630146 24.04163 29.410883 15.264338 37.215588 50.596443 75.66373 60.728905 35.805027 34.928497 52.95281 27.58623 33.105892 11.18034 69.00725 27.018513 67.357254 51.971146 21.377558 30.0 29.15476 80.36168 7.81025 23.43075 32.75668 17.804493 30.265491 1.4142135 17.888544 58.189346 25.079872 32.0 34.669872 52.201534 21.213203 10.770329 40.112343 54.08327 31.257 0.0 42.154476 77.00649 9.055386 83.57033 44.011364
15.811388 41.725292 14.21267 10.198039 20.0 50.159744 39.56008 43.416588 37.48333 55.226807 28.071337 50.159744 39.115215 18.248287 31.780497 12.0415945 19.723083 56.648037 36.40055 19.79899 18.439089 9.219544 31.06445 36.687874 25.806976 26.0 18.973665 14.142136 32.55764 15.0 13.038404 36.878178 32.984844 65.0 13.038404 35.383614 35.69314 9.0 36.496574 38.948685 61.39218 9.433981 29.068884 68.60029 54.81788 41.303753 33.54102 41.484936 25.495098 28.635643 63.245552 57.558666 54.74486 38.63936 35.44009 54.037025 24.04163 50.039986 15.0 41.62932 47.0 38.483765 30.528675 17.464249 10.440307 32.89377 62.936478 52.924473 13.038404 19.849434 21.540659 42.154476 0.0 40.853397 40.60788 41.4367 15.811388
33.0 17.492855 36.124783 49.729267 59.908264 84.14868 76.105194 84.118965 75.53807 86.145226 19.723083 84.14868 79.07591 58.821766 47.759815 45.80393 21.587032 91.13726 61.611687 52.009613 57.070133 37.44329 70.21396 33.600594 23.769728 39.56008 59.808025 37.536648 21.84033 39.623226 28.653097 74.330345 70.34913 95.707886 49.648766 64.629715 49.24429 32.649654 9.219544 26.870058 101.92154 43.56604 27.313 99.0404 95.50916 79.630394 8.0 82.219215 23.853722 28.231188 98.12747 97.74457 95.07891 22.0 72.1734 93.55747 45.705578 88.95505 47.095646 76.02631 86.313385 29.732138 55.108982 45.01111 51.264023 31.38471 98.0816 87.14356 37.054016 23.086792 46.270943 77.00649 40.853397 0.0 78.40918 29.017237 33.0
45.705578 72.73238 53.450912 30.413813 21.189621 14.3178215 4.472136 18.110771 3.1622777 23.086792 68.593 14.3178215 10.049875 24.166092 40.804413 45.188496 57.07889 18.384777 28.42534 26.925823 22.203604 48.76474 10.29563 58.18075 56.753853 44.28318 25.553865 52.810986 73.1642 52.554733 53.338543 4.1231055 8.062258 30.528675 29.0 22.022715 43.27817 49.497475 76.00658 64.884514 28.284271 35.014282 56.302753 33.83785 24.698177 2.236068 70.45566 18.0 66.09841 55.362442 23.853722 22.671568 21.260292 79.24645 6.708204 16.643316 36.67424 11.18034 31.400637 10.198039 9.899495 62.609905 30.610456 34.20526 31.622776 56.364883 23.323807 15.811388 41.4367 55.326305 34.539833 9.055386 40.60788 78.40918 0.0 81.7435 45.705578
44.687805 45.122055 28.442924 51.546097 60.63827 91.5478 80.95678 81.055534 78.58753 96.150925 16.27882 91.5478 78.77182 58.0517 64.3506 38.052597 32.55764 98.0816 74.63243 59.94164 59.77458 32.984844 71.80529 56.435802 42.43819 55.86591 57.558666 29.274563 10.630146 30.066593 30.016663 78.160095 74.330345 105.99056 54.230988 75.29276 67.20863 33.105892 20.22375 52.0 99.00505 49.193497 47.707443 109.56733 92.0 82.2253 30.364452 79.05694 16.643316 48.259712 104.67569 96.18732 93.13431 7.071068 76.843994 93.770996 59.03389 90.426765 54.589375 83.00603 87.13208 54.129475 68.007355 54.91812 50.219517 53.0 104.35516 94.33981 46.615448 36.124783 58.00862 83.57033 41.4367 29.017237 81.7435 0.0 44.687805
0.0 28.301943 24.738634 19.849434 29.15476 51.24451 43.185646 53.712196 42.953465 53.851646 28.600698 51.24451 47.539455 29.206163 20.0 27.294687 13.0 58.21512 30.413813 19.026299 25.495098 21.095022 38.27532 20.880613 11.661903 12.083046 31.144823 25.495098 34.20526 27.294687 16.124516 41.59327 37.65634 63.600315 17.888544 32.280025 23.323807 15.524175 32.280025 23.600847 70.77429 12.206555 13.601471 67.052216 64.84597 47.07441 25.0 51.971146 28.284271 13.038404 65.192024 66.12866 63.694584 39.661064 39.319206 61.400326 14.422205 56.515484 14.3178215 43.046486 54.120235 22.825424 23.70654 12.0415945 23.43075 17.088007 65.12296 54.230988 4.472136 10.198039 13.928389 44.011364 15.811388 33.0 45.705578 44.687805 0.0
p
0 0 0 0 0 0
0 0 0 0 0 0
0 0 0 0 0 0
0 0 0 0 0 0
0 0 0 0 0 0
0 0 0 0 0 0
0 0 0 0 0 0
0 0 0 0 0 0
0 0 0 0 0 0
0 0 0 0 0 0
0 0 0 0 0 0
0 0 0 0 0 0
0 0 0 0 0 0
0 0 0 0 0 0
0 0 0 0 0 0
16.0 16.0 16.0 16.0 16.0 16.0
16.0 16.0 16.0 16.0 16.0 16.0
16.0 16.0 16.0 16.0 16.0 16.0
16.0 16.0 16.0 16.0 16.0 16.0
16.0 16.0 16.0 16.0 16.0 16.0
16.0 16.0 16.0 16.0 16.0 16.0
16.0 16.0 16.0 16.0 16.0 16.0
16.0 16.0 16.0 16.0 16.0 16.0
16.0 16.0 16.0 16.0 16.0 16.0
16.0 16.0 16.0 16.0 16.0 16.0
16.0 16.0 16.0 16.0 16.0 16.0
16.0 16.0 16.0 16.0 16.0 16.0
16.0 16.0 16.0 16.0 16.0 16.0
16.0 16.0 16.0 16.0 16.0 16.0
16.0 16.0 16.0 16.0 16.0 16.0
16.0 16.0 16.0 16.0 16.0 16.0
16.0 16.0 16.0 16.0 16.0 16.0
16.0 16.0 16.0 16.0 16.0 16.0
16.0 16.0 16.0 16.0 16.0 16.0
16.0 16.0 16.0 16.0 16.0 16.0
16.0 16.0 16.0 16.0 16.0 16.0
16.0 16.0 16.0 16.0 16.0 16.0
16.0 16.0 16.0 16.0 16.0 16.0
16.0 16.0 16.0 16.0 16.0 16.0
16.0 16.0 16.0 16.0 16.0 16.0
16.0 16.0 16.0 16.0 16.0 16.0
16.0 16.0 16.0 16.0 16.0 16.0
16.0 16.0 16.0 16.0 16.0 16.0
16.0 16.0 16.0 16.0 16.0 16.0
16.0 16.0 16.0 16.0 16.0 16.0
16.0 16.0 16.0 16.0 16.0 16.0
16.0 16.0 16.0 16.0 16.0 16.0
16.0 16.0 16.0 16.0 16.0 16.0
16.0 16.0 16.0 16.0 16.0 16.0
16.0 16.0 16.0 16.0 16.0 16.0
16.0 16.0 16.0 16.0 16.0 16.0
16.0 16.0 16.0 16.0 16.0 16.0
16.0 16.0 16.0 16.0 16.0 16.0
16.0 16.0 16.0 16.0 16.0 16.0
16.0 16.0 16.0 16.0 16.0 16.0
16.0 16.0 16.0 16.0 16.0 16.0
16.0 16.0 16.0 16.0 16.0 16.0
16.0 16.0 16.0 16.0 16.0 16.0
16.0 16.0 16.0 16.0 16.0 16.0
16.0 16.0 16.0 16.0 16.0 16.0
16.0 16.0 16.0 16.0 16.0 16.0
16.0 16.0 16.0 16.0 16.0 16.0
16.0 16.0 16.0 16.0 16.0 16.0
16.0 16.0 16.0 16.0 16.0 16.0
16.0 16.0 16.0 16.0 16.0 16.0
16.0 16.0 16.0 16.0 16.0 16.0
16.0 16.0 16.0 16.0 16.0 16.0
16.0 16.0 16.0 16.0 16.0 16.0
16.0 16.0 16.0 16.0 16.0 16.0
16.0 16.0 16.0 16.0 16.0 16.0
16.0 16.0 16.0 16.0 16.0 16.0
16.0 16.0 16.0 16.0 16.0 16.0
16.0 16.0 16.0 16.0 16.0 16.0
16.0 16.0 16.0 16.0 16.0 16.0
16.0 16.0 16.0 16.0 16.0 16.0
16.0 16.0 16.0 16.0 16.0 16.0
16.0 16.0 16.0 16.0 16.0 16.0
16.0 16.0 16.0 16.0 16.0 16.0
16.0 16.0 16.0 16.0 16.0 16.0
16.0 16.0 16.0 16.0 16.0 16.0
16.0 16.0 16.0 16.0 16.0 16.0
16.0 16.0 16.0 16.0 16.0 16.0
16.0 16.0 16.0 16.0 16.0 16.0
16.0 16.0 16.0 16.0 16.0 16.0
16.0 16.0 16.0 16.0 16.0 16.0
16.0 16.0 16.0 16.0 16.0 16.0
16.0 16.0 16.0 16.0 16.0 16.0
16.0 16.0 16.0 16.0 16.0 16.0
16.0 16.0 16.0 16.0 16.0 16.0
16.0 16.0 16.0 16.0 16.0 16.0
16.0 16.0 16.0 16.0 16.0 16.0
16.0 16.0 16.0 16.0 16.0 16.0
16.0 16.0 16.0 16.0 16.0 16.0
16.0 16.0 16.0 16.0 16.0 16.0
16.0 16.0 16.0 16.0 16.0 16.0
16.0 16.0 16.0 16.0 16.0 16.0
16.0 16.0 16.0 16.0 16.0 16.0
16.0 16.0 16.0 16.0 16.0 16.0
16.0 16.0 16.0 16.0 16.0 16.0
16.0 16.0 16.0 16.0 16.0 16.0
16.0 16.0 16.0 16.0 16.0 16.0
16.0 16.0 16.0 16.0 16.0 16.0
16.0 16.0 16.0 16.0 16.0 16.0
16.0 16.0 16.0 16.0 16.0 16.0
16.0 16.0 16.0 16.0 16.0 16.0
16.0 16.0 16.0 16.0 16.0 16.0
16.0 16.0 16.0 16.0 16.0 16.0
16.0 16.0 16.0 16.0 16.0 16.0
16.0 16.0 16.0 16.0 16.0 16.0
16.0 16.0 16.0 16.0 16.0 16.0
16.0 16.0 16.0 16.0 16.0 16.0
16.0 16.0 16.0 16.0 16.0 16.0
16.0 16.0 16.0 16.0 16.0 16.0
16.0 16.0 16.0 16.0 16.0 16.0
16.0 16.0 16.0 16.0 16.0 16.0
16.0 16.0 16.0 16.0 16.0 16.0
16.0 16.0 16.0 16.0 16.0 16.0
16.0 16.0 16.0 16.0 16.0 16.0
16.0 16.0 16.0 16.0 16.0 16.0
16.0 16.0 16.0 16.0 16.0 16.0
16.0 16.0 16.0 16.0 16.0 16.0
16.0 16.0 16.0 16.0 16.0 16.0
16.0 16.0 16.0 16.0 16.0 16.0
16.0 16.0 16.0 16.0 16.0 16.0
16.0 16.0 16.0 16.0 16.0 16.0
16.0 16.0 16.0 16.0 16.0 16.0
16.0 16.0 16.0 16.0 16.0 16.0
16.0 16.0 16.0 16.0 16.0 16.0
16.0 16.0 16.0 16.0 16.0 16.0
16.0 16.0 16.0 16.0 16.0 16.0
16.0 16.0 16.0 16.0 16.0 16.0
16.0 16.0 16.0 16.0 16.0 16.0
16.0 16.0 16.0 16.0 16.0 16.0
16.0 16.0 16.0 16.0 16.0 16.0
16.0 16.0 16.0 16.0 16.0 16.0
16.0 16.0 16.0 16.0 16.0 16.0
16.0 16.0 16.0 16.0 16.0 16.0
16.0 16.0 16.0 16.0 16.0 16.0
16.0 16.0 16.0 16.0 16.0 16.0
16.0 16.0 16.0 16.0 16.0 16.0
16.0 16.0 16.0 16.0 16.0 16.0
16.0 16.0 16.0 16.0 16.0 16.0
16.0 16.0 16.0 16.0 16.0 16.0
16.0 16.0 16.0 16.0 16.0 16.0
16.0 16.0 16.0 16.0 16.0 16.0
16.0 16.0 16.0 16.0 16.0 16.0
16.0 16.0 16.0 16.0 16.0 16.0
16.0 16.0 16.0 16.0 16.0 16.0
16.0 16.0 16.0 16.0 16.0 16.0
16.0 16.0 16.0 16.0 16.0 16.0
16.0 16.0 16.0 16.0 16.0 16.0
16.0 16.0 16.0 16.0 16.0 16.0
16.0 16.0 16.0 16.0 16.0 16.0
16.0 16.0 16.0 16.0 16.0 16.0
16.0 16.0 16.0 16.0 16.0 16.0
16.0 16.0 16.0 16.0 16.0 16.0
16.0 16.0 16.0 16.0 16.0 16.0
16.0 16.0 16.0 16.0 16.0 16.0
16.0 16.0 16.0 16.0 16.0 16.0
16.0 16.0 16.0 16.0 16.0 16.0
16.0 16.0 16.0 16.0 16.0 16.0
16.0 16.0 16.0 16.0 16.0 16.0
16.0 16.0 16.0 16.0 16.0 16.0
16.0 16.0 16.0 16.0 16.0 16.0
16.0 16.0 16.0 16.0 16.0 16.0
16.0 16.0 16.0 16.0 16.0 16.0
16.0 16.0 16.0 16.0 16.0 16.0
16.0 16.0 16.0 16.0 16.0 16.0
16.0 16.0 16.0 16.0 16.0 16.0
16.0 16.0 16.0 16.0 16.0 16.0
16.0 16.0 16.0 16.0 16.0 16.0
16.0 16.0 16.0 16.0 16.0 16.0
16.0 16.0 16.0 16.0 16.0 16.0
16.0 16.0 16.0 16.0 16.0 16.0
16.0 16.0 16.0 16.0 16.0 16.0
16.0 16.0 16.0 16.0 16.0 16.0
16.0 16.0 16.0 16.0 16.0 16.0
16.0 16.0 16.0 16.0 16.0 16.0
16.0 16.0 16.0 16.0 16.0 16.0
16.0 16.0 16.0 16.0 16.0 16.0
16.0 16.0 16.0 16.0 16.0 16.0
16.0 16.0 16.0 16.0 16.0 16.0
16.0 16.0 16.0 16.0 16.0 16.0
16.0 16.0 16.0 16.0 16.0 16.0
16.0 16.0 16.0 16.0 16.0 16.0
16.0 16.0 16.0 16.0 16.0 16.0
16.0 16.0 16.0 16.0 16.0 16.0
16.0 16.0 16.0 16.0 16.0 16.0
16.0 16.0 16.0 16.0 16.0 16.0
16.0 16.0 16.0 16.0 16.0 16.0
16.0 16.0 16.0 16.0 16.0 16.0
16.0 16.0 16.0 16.0 16.0 16.0
16.0 16.0 16.0 16.0 16.0 16.0
16.0 16.0 16.0 16.0 16.0 16.0
16.0 16.0 16.0 16.0 16.0 16.0
16.0 16.0 16.0 16.0 16.0 16.0
16.0 16.0 16.0 16.0 16.0 16.0
16.0 16.0 16.0 16.0 16.0 16.0
16.0 16.0 16.0 16.0 16.0 16.0
16.0 16.0 16.0 16.0 16.0 16.0
16.0 16.0 16.0 16.0 16.0 16.0
16.0 16.0 16.0 16.0 16.0 16.0
16.0 16.0 16.0 16.0 16.0 16.0
16.0 16.0 16.0 16.0 16.0 16.0
16.0 16.0 16.0 16.0 16.0 16.0
16.0 16.0 16.0 16.0 16.0 16.0
16.0 16.0 16.0 16.0 16.0 16.0
16.0 16.0 16.0 16.0 16.0 16.0
16.0 16.0 16.0 16.0 16.0 16.0
16.0 16.0 16.0 16.0 16.0 16.0
16.0 16.0 16.0 16.0 16.0 16.0
16.0 16.0 16.0 16.0 16.0 16.0
16.0 16.0 16.0 16.0 16.0 16.0
16.0 16.0 16.0 16.0 16.0 16.0
16.0 16.0 16.0 16.0 16.0 16.0
16.0 16.0 16.0 16.0 16.0 16.0
16.0 16.0 16.0 16.0 16.0 16.0
16.0 16.0 16.0 16.0 16.0 16.0
16.0 16.0 16.0 16.0 16.0 16.0
16.0 16.0 16.0 16.0 16.0 16.0
16.0 16.0 16.0 16.0 16.0 16.0
16.0 16.0 16.0 16.0 16.0 16.0
16.0 16.0 16.0 16.0 16.0 16.0
16.0 16.0 16.0 16.0 16.0 16.0
16.0 16.0 16.0 16.0 16.0 16.0
16.0 16.0 16.0 16.0 16.0 16.0
16.0 16.0 16.0 16.0 16.0 16.0
16.0 16.0 16.0 16.0 16.0 16.0
16.0 16.0 16.0 16.0 16.0 16.0
16.0 16.0 16.0 16.0 16.0 16.0
16.0 16.0 16.0 16.0 16.0 16.0
16.0 16.0 16.0 16.0 16.0 16.0
16.0 16.0 16.0 16.0 16.0 16.0
16.0 16.0 16.0 16.0 16.0 16.0
16.0 16.0 16.0 16.0 16.0 16.0
16.0 16.0 16.0 16.0 16.0 16.0
16.0 16.0 16.0 16.0 16.0 16.0
16.0 16.0 16.0 16.0 16.0 16.0
16.0 16.0 16.0 16.0 16.0 16.0
16.0 16.0 16.0 16.0 16.0 16.0
16.0 16.0 16.0 16.0 16.0 16.0
16.0 16.0 16.0 16.0 16.0 16.0
16.0 16.0 16.0 16.0 16.0 16.0
16.0 16.0 16.0 16.0 16.0 16.0
16.0 16.0 16.0 16.0 16.0 16.0
16.0 16.0 16.0 16.0 16.0 16.0
16.0 16.0 16.0 16.0 16.0 16.0
16.0 16.0 16.0 16.0 16.0 16.0
16.0 16.0 16.0 16.0 16.0 16.0
16.0 16.0 16.0 16.0 16.0 16.0
16.0 16.0 16.0 16.0 16.0 16.0
16.0 16.0 16.0 16.0 16.0 16.0
16.0 16.0 16.0 16.0 16.0 16.0
16.0 16.0 16.0 16.0 16.0 16.0
16.0 16.0 16.0 16.0 16.0 16.0
16.0 16.0 16.0 16.0 16.0 16.0
16.0 16.0 16.0 16.0 16.0 16.0
16.0 16.0 16.0 16.0 16.0 16.0
16.0 16.0 16.0 16.0 16.0 16.0
16.0 16.0 16.0 16.0 16.0 16.0
16.0 16.0 16.0 16.0 16.0 16.0
16.0 16.0 16.0 16.0 16.0 16.0
16.0 16.0 16.0 16.0 16.0 16.0
16.0 16.0 16.0 16.0 16.0 16.0
16.0 16.0 16.0 16.0 16.0 16.0
16.0 16.0 16.0 16.0 16.0 16.0
16.0 16.0 16.0 16.0 16.0 16.0
16.0 16.0 16.0 16.0 16.0 16.0
16.0 16.0 16.0 16.0 16.0 16.0
16.0 16.0 16.0 16.0 16.0 16.0
16.0 16.0 16.0 16.0 16.0 16.0
16.0 16.0 16.0 16.0 16.0 16.0
16.0 16.0 16.0 16.0 16.0 16.0
16.0 16.0 16.0 16.0 16.0 16.0
16.0 16.0 16.0 16.0 16.0 16.0
16.0 16.0 16.0 16.0 16.0 16.0
16.0 16.0 16.0 16.0 16.0 16.0
16.0 16.0 16.0 16.0 16.0 16.0
16.0 16.0 16.0 16.0 16.0 16.0
16.0 16.0 16.0 16.0 16.0 16.0
16.0 16.0 16.0 16.0 16.0 16.0
16.0 16.0 16.0 16.0 16.0 16.0
16.0 16.0 16.0 16.0 16.0 16.0
16.0 16.0 16.0 16.0 16.0 16.0
16.0 16.0 16.0 16.0 16.0 16.0
16.0 16.0 16.0 16.0 16.0 16.0
16.0 16.0 16.0 16.0 16.0 16.0
16.0 16.0 16.0 16.0 16.0 16.0
16.0 16.0 16.0 16.0 16.0 16.0
16.0 16.0 16.0 16.0 16.0 16.0
16.0 16.0 16.0 16.0 16.0 16.0
16.0 16.0 16.0 16.0 16.0 16.0
16.0 16.0 16.0 16.0 16.0 16.0
16.0 16.0 16.0 16.0 16.0 16.0
16.0 16.0 16.0 16.0 16.0 16.0
16.0 16.0 16.0 16.0 16.0 16.0
16.0 16.0 16.0 16.0 16.0 16.0
16.0 16.0 16.0 16.0 16.0 16.0
16.0 16.0 16.0 16.0 16.0 16.0
16.0 16.0 16.0 16.0 16.0 16.0
16.0 16.0 16.0 16.0 16.0 16.0
16.0 16.0 16.0 16.0 16.0 16.0
16.0 16.0 16.0 16.0 16.0 16.0
16.0 16.0 16.0 16.0 16.0 16.0
16.0 16.0 16.0 16.0 16.0 16.0
16.0 16.0 16.0 16.0 16.0 16.0
16.0 16.0 16.0 16.0 16.0 16.0
16.0 16.0 16.0 16.0 16.0 16.0
16.0 16.0 16.0 16.0 16.0 16.0
16.0 16.0 16.0 16.0 16.0 16.0
16.0 16.0 16.0 16.0 16.0 16.0
16.0 16.0 16.0 16.0 16.0 16.0
16.0 16.0 16.0 16.0 16.0 16.0
16.0 16.0 16.0 16.0 16.0 16.0
16.0 16.0 16.0 16.0 16.0 16.0
16.0 16.0 16.0 16.0 16.0 16.0
16.0 16.0 16.0 16.0 16.0 16.0
16.0 16.0 16.0 16.0 16.0 16.0
16.0 16.0 16.0 16.0 16.0 16.0
16.0 16.0 16.0 16.0 16.0 16.0
16.0 16.0 16.0 16.0 16.0 16.0
16.0 16.0 16.0 16.0 16.0 16.0
16.0 16.0 16.0 16.0 16.0 16.0
16.0 16.0 16.0 16.0 16.0 16.0
16.0 16.0 16.0 16.0 16.0 16.0
16.0 16.0 16.0 16.0 16.0 16.0
16.0 16.0 16.0 16.0 16.0 16.0
16.0 16.0 16.0 16.0 16.0 16.0
16.0 16.0 16.0 16.0 16.0 16.0
16.0 16.0 16.0 16.0 16.0 16.0
16.0 16.0 16.0 16.0 16.0 16.0
16.0 16.0 16.0 16.0 16.0 16.0
16.0 16.0 16.0 16.0 16.0 16.0
16.0 16.0 16.0 16.0 16.0 16.0
16.0 16.0 16.0 16.0 16.0 16.0
16.0 16.0 16.0 16.0 16.0 16.0
16.0 16.0 16.0 16.0 16.0 16.0
16.0 16.0 16.0 16.0 16.0 16.0
16.0 16.0 16.0 16.0 16.0 16.0
16.0 16.0 16.0 16.0 16.0 16.0
16.0 16.0 16.0 16.0 16.0 16.0
16.0 16.0 16.0 16.0 16.0 16.0
16.0 16.0 16.0 16.0 16.0 16.0
16.0 16.0 16.0 16.0 16.0 16.0
16.0 16.0 16.0 16.0 16.0 16.0
16.0 16.0 16.0 16.0 16.0 16.0
16.0 16.0 16.0 16.0 16.0 16.0
16.0 16.0 16.0 16.0 16.0 16.0
16.0 16.0 16.0 16.0 16.0 16.0
16.0 16.0 16.0 16.0 16.0 16.0
16.0 16.0 16.0 16.0 16.0 16.0
16.0 16.0 16.0 16.0 16.0 16.0
16.0 16.0 16.0 16.0 16.0 16.0
16.0 16.0 16.0 16.0 16.0 16.0
16.0 16.0 16.0 16.0 16.0 16.0
16.0 16.0 16.0 16.0 16.0 16.0
16.0 16.0 16.0 16.0 16.0 16.0
16.0 16.0 16.0 16.0 16.0 16.0
16.0 16.0 16.0 16.0 16.0 16.0
16.0 16.0 16.0 16.0 16.0 16.0
16.0 16.0 16.0 16.0 16.0 16.0
16.0 16.0 16.0 16.0 16.0 16.0
16.0 16.0 16.0 16.0 16.0 16.0
16.0 16.0 16.0 16.0 16.0 16.0
16.0 16.0 16.0 16.0 16.0 16.0
16.0 16.0 16.0 16.0 16.0 16.0
16.0 16.0 16.0 16.0 16.0 16.0
16.0 16.0 16.0 16.0 16.0 16.0
16.0 16.0 16.0 16.0 16.0 16.0
16.0 16.0 16.0 16.0 16.0 16.0
16.0 16.0 16.0 16.0 16.0 16.0
16.0 16.0 16.0 16.0 16.0 16.0
16.0 16.0 16.0 16.0 16.0 16.0
16.0 16.0 16.0 16.0 16.0 16.0
16.0 16.0 16.0 16.0 16.0 16.0
16.0 16.0 16.0 16.0 16.0 16.0
16.0 16.0 16.0 16.0 16.0 16.0
16.0 16.0 16.0 16.0 16.0 16.0
16.0 16.0 16.0 16.0 16.0 16.0
16.0 16.0 16.0 16.0 16.0 16.0
16.0 16.0 16.0 16.0 16.0 16.0
16.0 16.0 16.0 16.0 16.0 16.0
16.0 16.0 16.0 16.0 16.0 16.0
16.0 16.0 16.0 16.0 16.0 16.0
16.0 16.0 16.0 16.0 16.0 16.0
16.0 16.0 16.0 16.0 16.0 16.0
16.0 16.0 16.0 16.0 16.0 16.0
16.0 16.0 16.0 16.0 16.0 16.0
16.0 16.0 16.0 16.0 16.0 16.0
16.0 16.0 16.0 16.0 16.0 16.0
16.0 16.0 16.0 16.0 16.0 16.0
16.0 16.0 16.0 16.0 16.0 16.0
16.0 16.0 16.0 16.0 16.0 16.0
16.0 16.0 16.0 16.0 16.0 16.0
16.0 16.0 16.0 16.0 16.0 16.0
16.0 16.0 16.0 16.0 16.0 16.0
16.0 16.0 16.0 16.0 16.0 16.0
16.0 16.0 16.0 16.0 16.0 16.0
16.0 16.0 16.0 16.0 16.0 16.0
16.0 16.0 16.0 16.0 16.0 16.0
16.0 16.0 16.0 16.0 16.0 16.0
16.0 16.0 16.0 16.0 16.0 16.0
16.0 16.0 16.0 16.0 16.0 16.0
16.0 16.0 16.0 16.0 16.0 16.0
16.0 16.0 16.0 16.0 16.0 16.0
16.0 16.0 16.0 16.0 16.0 16.0
16.0 16.0 16.0 16.0 16.0 16.0
16.0 16.0 16.0 16.0 16.0 16.0
16.0 16.0 16.0 16.0 16.0 16.0
16.0 16.0 16.0 16.0 16.0 16.0
16.0 16.0 16.0 16.0 16.0 16.0
16.0 16.0 16.0 16.0 16.0 16.0
16.0 16.0 16.0 16.0 16.0 16.0
16.0 16.0 16.0 16.0 16.0 16.0
16.0 16.0 16.0 16.0 16.0 16.0
16.0 16.0 16.0 16.0 16.0 16.0
16.0 16.0 16.0 16.0 16.0 16.0
16.0 16.0 16.0 16.0 16.0 16.0
16.0 16.0 16.0 16.0 16.0 16.0
16.0 16.0 16.0 16.0 16.0 16.0
16.0 16.0 16.0 16.0 16.0 16.0
16.0 16.0 16.0 16.0 16.0 16.0
16.0 16.0 16.0 16.0 16.0 16.0
16.0 16.0 16.0 16.0 16.0 16.0
16.0 16.0 16.0 16.0 16.0 16.0
16.0 16.0 16.0 16.0 16.0 16.0
16.0 16.0 16.0 16.0 16.0 16.0
16.0 16.0 16.0 16.0 16.0 16.0
16.0 16.0 16.0 16.0 16.0 16.0
16.0 16.0 16.0 16.0 16.0 16.0
16.0 16.0 16.0 16.0 16.0 16.0
16.0 16.0 16.0 16.0 16.0 16.0
16.0 16.0 16.0 16.0 16.0 16.0
16.0 16.0 16.0 16.0 16.0 16.0
16.0 16.0 16.0 16.0 16.0 16.0
16.0 16.0 16.0 16.0 16.0 16.0
16.0 16.0 16.0 16.0 16.0 16.0
16.0 16.0 16.0 16.0 16.0 16.0
16.0 16.0 16.0 16.0 16.0 16.0
16.0 16.0 16.0 16.0 16.0 16.0
16.0 16.0 16.0 16.0 16.0 16.0
16.0 16.0 16.0 16.0 16.0 16.0
16.0 16.0 16.0 16.0 16.0 16.0
16.0 16.0 16.0 16.0 16.0 16.0
16.0 16.0 16.0 16.0 16.0 16.0
16.0 16.0 16.0 16.0 16.0 16.0
16.0 16.0 16.0 16.0 16.0 16.0
16.0 16.0 16.0 16.0 16.0 16.0
16.0 16.0 16.0 16.0 16.0 16.0
16.0 16.0 16.0 16.0 16.0 16.0
16.0 16.0 16.0 16.0 16.0 16.0
16.0 16.0 16.0 16.0 16.0 16.0
16.0 16.0 16.0 16.0 16.0 16.0
16.0 16.0 16.0 16.0 16.0 16.0
16.0 16.0 16.0 16.0 16.0 16.0
16.0 16.0 16.0 16.0 16.0 16.0
16.0 16.0 16.0 16.0 16.0 16.0
16.0 16.0 16.0 16.0 16.0 16.0
16.0 16.0 16.0 16.0 16.0 16.0
16.0 16.0 16.0 16.0 16.0 16.0
16.0 16.0 16.0 16.0 16.0 16.0
16.0 16.0 16.0 16.0 16.0 16.0
16.0 16.0 16.0 16.0 16.0 16.0
16.0 16.0 16.0 16.0 16.0 16.0
16.0 16.0 16.0 16.0 16.0 16.0
16.0 16.0 16.0 16.0 16.0 16.0
16.0 16.0 16.0 16.0 16.0 16.0
16.0 16.0 16.0 16.0 16.0 16.0
16.0 16.0 16.0 16.0 16.0 16.0
16.0 16.0 16.0 16.0 16.0 16.0
16.0 16.0 16.0 16.0 16.0 16.0
16.0 16.0 16.0 16.0 16.0 16.0
16.0 16.0 16.0 16.0 16.0 16.0
16.0 16.0 16.0 16.0 16.0 16.0
16.0 16.0 16.0 16.0 16.0 16.0
16.0 16.0 16.0 16.0 16.0 16.0
16.0 16.0 16.0 16.0 16.0 16.0
16.0 16.0 16.0 16.0 16.0 16.0
16.0 16.0 16.0 16.0 16.0 16.0
16.0 16.0 16.0 16.0 16.0 16.0
16.0 16.0 16.0 16.0 16.0 16.0
16.0 16.0 16.0 16.0 16.0 16.0
16.0 16.0 16.0 16.0 16.0 16.0
16.0 16.0 16.0 16.0 16.0 16.0
16.0 16.0 16.0 16.0 16.0 16.0
16.0 16.0 16.0 16.0 16.0 16.0
16.0 16.0 16.0 16.0 16.0 16.0
16.0 16.0 16.0 16.0 16.0 16.0
16.0 16.0 16.0 16.0 16.0 16.0
16.0 16.0 16.0 16.0 16.0 16.0
16.0 16.0 16.0 16.0 16.0 16.0
16.0 16.0 16.0 16.0 16.0 16.0
16.0 16.0 16.0 16.0 16.0 16.0
16.0 16.0 16.0 16.0 16.0 16.0
16.0 16.0 16.0 16.0 16.0 16.0
16.0 16.0 16.0 16.0 16.0 16.0
16.0 16.0 16.0 16.0 16.0 16.0
16.0 16.0 16.0 16.0 16.0 16.0
16.0 16.0 16.0 16.0 16.0 16.0
16.0 16.0 16.0 16.0 16.0 16.0
16.0 16.0 16.0 16.0 16.0 16.0
16.0 16.0 16.0 16.0 16.0 16.0
16.0 16.0 16.0 16.0 16.0 16.0
16.0 16.0 16.0 16.0 16.0 16.0
16.0 16.0 16.0 16.0 16.0 16.0
16.0 16.0 16.0 16.0 16.0 16.0
16.0 16.0 16.0 16.0 16.0 16.0
16.0 16.0 16.0 16.0 16.0 16.0
16.0 16.0 16.0 16.0 16.0 16.0
16.0 16.0 16.0 16.0 16.0 16.0
16.0 16.0 16.0 16.0 16.0 16.0
16.0 16.0 16.0 16.0 16.0 16.0
16.0 16.0 16.0 16.0 16.0 16.0
16.0 16.0 16.0 16.0 16.0 16.0
16.0 16.0 16.0 16.0 16.0 16.0
16.0 16.0 16.0 16.0 16.0 16.0
16.0 16.0 16.0 16.0 16.0 16.0
16.0 16.0 16.0 16.0 16.0 16.0
16.0 16.0 16.0 16.0 16.0 16.0
16.0 16.0 16.0 16.0 16.0 16.0
16.0 16.0 16.0 16.0 16.0 16.0
16.0 16.0 16.0 16.0 16.0 16.0
16.0 16.0 16.0 16.0 16.0 16.0
16.0 16.0 16.0 16.0 16.0 16.0
16.0 16.0 16.0 16.0 16.0 16.0
16.0 16.0 16.0 16.0 16.0 16.0
16.0 16.0 16.0 16.0 16.0 16.0
16.0 16.0 16.0 16.0 16.0 16.0
16.0 16.0 16.0 16.0 16.0 16.0
16.0 16.0 16.0 16.0 16.0 16.0
16.0 16.0 16.0 16.0 16.0 16.0
16.0 16.0 16.0 16.0 16.0 16.0
16.0 16.0 16.0 16.0 16.0 16.0
16.0 16.0 16.0 16.0 16.0 16.0
16.0 16.0 16.0 16.0 16.0 16.0
16.0 16.0 16.0 16.0 16.0 16.0
16.0 16.0 16.0 16.0 16.0 16.0
16.0 16.0 16.0 16.0 16.0 16.0
16.0 16.0 16.0 16.0 16.0 16.0
16.0 16.0 16.0 16.0 16.0 16.0
16.0 16.0 16.0 16.0 16.0 16.0
16.0 16.0 16.0 16.0 16.0 16.0
16.0 16.0 16.0 16.0 16.0 16.0
16.0 16.0 16.0 16.0 16.0 16.0
16.0 16.0 16.0 16.0 16.0 16.0
16.0 16.0 16.0 16.0 16.0 16.0
16.0 16.0 16.0 16.0 16.0 16.0
16.0 16.0 16.0 16.0 16.0 16.0
16.0 16.0 16.0 16.0 16.0 16.0
16.0 16.0 16.0 16.0 16.0 16.0
16.0 16.0 16.0 16.0 16.0 16.0
16.0 16.0 16.0 16.0 16.0 16.0
16.0 16.0 16.0 16.0 16.0 16.0
16.0 16.0 16.0 16.0 16.0 16.0
16.0 16.0 16.0 16.0 16.0 16.0
16.0 16.0 16.0 16.0 16.0 16.0
16.0 16.0 16.0 16.0 16.0 16.0
16.0 16.0 16.0 16.0 16.0 16.0
16.0 16.0 16.0 16.0 16.0 16.0
16.0 16.0 16.0 16.0 16.0 16.0
16.0 16.0 16.0 16.0 16.0 16.0
16.0 16.0 16.0 16.0 16.0 16.0
16.0 16.0 16.0 16.0 16.0 16.0
16.0 16.0 16.0 16.0 16.0 16.0
16.0 16.0 16.0 16.0 16.0 16.0
16.0 16.0 16.0 16.0 16.0 16.0
16.0 16.0 16.0 16.0 16.0 16.0
16.0 16.0 16.0 16.0 16.0 16.0
16.0 16.0 16.0 16.0 16.0 16.0
16.0 16.0 16.0 16.0 16.0 16.0
16.0 16.0 16.0 16.0 16.0 16.0
16.0 16.0 16.0 16.0 16.0 16.0
16.0 16.0 16.0 16.0 16.0 16.0
16.0 16.0 16.0 16.0 16.0 16.0
16.0 16.0 16.0 16.0 16.0 16.0
16.0 16.0 16.0 16.0 16.0 16.0
16.0 16.0 16.0 16.0 16.0 16.0
16.0 16.0 16.0 16.0 16.0 16.0
16.0 16.0 16.0 16.0 16.0 16.0
16.0 16.0 16.0 16.0 16.0 16.0
16.0 16.0 16.0 16.0 16.0 16.0
16.0 16.0 16.0 16.0 16.0 16.0
16.0 16.0 16.0 16.0 16.0 16.0
16.0 16.0 16.0 16.0 16.0 16.0
16.0 16.0 16.0 16.0 16.0 16.0
16.0 16.0 16.0 16.0 16.0 16.0
16.0 16.0 16.0 16.0 16.0 16.0
16.0 16.0 16.0 16.0 16.0 16.0
16.0 16.0 16.0 16.0 16.0 16.0
16.0 16.0 16.0 16.0 16.0 16.0
16.0 16.0 16.0 16.0 16.0 16.0
16.0 16.0 16.0 16.0 16.0 16.0
16.0 16.0 16.0 16.0 16.0 16.0
16.0 16.0 16.0 16.0 16.0 16.0
16.0 16.0 16.0 16.0 16.0 16.0
16.0 16.0 16.0 16.0 16.0 16.0
16.0 16.0 16.0 16.0 16.0 16.0
16.0 16.0 16.0 16.0 16.0 16.0
16.0 16.0 16.0 16.0 16.0 16.0
16.0 16.0 16.0 16.0 16.0 16.0
16.0 16.0 16.0 16.0 16.0 16.0
16.0 16.0 16.0 16.0 16.0 16.0
16.0 16.0 16.0 16.0 16.0 16.0
16.0 16.0 16.0 16.0 16.0 16.0
16.0 16.0 16.0 16.0 16.0 16.0
16.0 16.0 16.0 16.0 16.0 16.0
16.0 16.0 16.0 16.0 16.0 16.0
16.0 16.0 16.0 16.0 16.0 16.0
16.0 16.0 16.0 16.0 16.0 16.0
16.0 16.0 16.0 16.0 16.0 16.0
16.0 16.0 16.0 16.0 16.0 16.0
16.0 16.0 16.0 16.0 16.0 16.0
16.0 16.0 16.0 16.0 16.0 16.0
16.0 16.0 16.0 16.0 16.0 16.0
16.0 16.0 16.0 16.0 16.0 16.0
16.0 16.0 16.0 16.0 16.0 16.0
16.0 16.0 16.0 16.0 16.0 16.0
16.0 16.0 16.0 16.0 16.0 16.0
16.0 16.0 16.0 16.0 16.0 16.0
16.0 16.0 16.0 16.0 16.0 16.0
16.0 16.0 16.0 16.0 16.0 16.0
16.0 16.0 16.0 16.0 16.0 16.0
16.0 16.0 16.0 16.0 16.0 16.0
16.0 16.0 16.0 16.0 16.0 16.0
16.0 16.0 16.0 16.0 16.0 16.0
16.0 16.0 16.0 16.0 16.0 16.0
16.0 16.0 16.0 16.0 16.0 16.0
16.0 16.0 16.0 16.0 16.0 16.0
16.0 16.0 16.0 16.0 16.0 16.0
16.0 16.0 16.0 16.0 16.0 16.0
16.0 16.0 16.0 16.0 16.0 16.0
16.0 16.0 16.0 16.0 16.0 16.0
16.0 16.0 16.0 16.0 16.0 16.0
16.0 16.0 16.0 16.0 16.0 16.0
16.0 16.0 16.0 16.0 16.0 16.0
16.0 16.0 16.0 16.0 16.0 16.0
16.0 16.0 16.0 16.0 16.0 16.0
16.0 16.0 16.0 16.0 16.0 16.0
16.0 16.0 16.0 16.0 16.0 16.0
16.0 16.0 16.0 16.0 16.0 16.0
16.0 16.0 16.0 16.0 16.0 16.0
16.0 16.0 16.0 16.0 16.0 16.0
16.0 16.0 16.0 16.0 16.0 16.0
16.0 16.0 16.0 16.0 16.0 16.0
16.0 16.0 16.0 16.0 16.0 16.0
16.0 16.0 16.0 16.0 16.0 16.0
16.0 16.0 16.0 16.0 16.0 16.0
16.0 16.0 16.0 16.0 16.0 16.0
16.0 16.0 16.0 16.0 16.0 16.0
16.0 16.0 16.0 16.0 16.0 16.0
16.0 16.0 16.0 16.0 16.0 16.0
16.0 16.0 16.0 16.0 16.0 16.0
16.0 16.0 16.0 16.0 16.0 16.0
16.0 16.0 16.0 16.0 16.0 16.0
16.0 16.0 16.0 16.0 16.0 16.0
16.0 16.0 16.0 16.0 16.0 16.0
16.0 16.0 16.0 16.0 16.0 16.0
16.0 16.0 16.0 16.0 16.0 16.0
16.0 16.0 16.0 16.0 16.0 16.0
16.0 16.0 16.0 16.0 16.0 16.0
16.0 16.0 16.0 16.0 16.0 16.0
16.0 16.0 16.0 16.0 16.0 16.0
16.0 16.0 16.0 16.0 16.0 16.0
16.0 16.0 16.0 16.0 16.0 16.0
16.0 16.0 16.0 16.0 16.0 16.0
16.0 16.0 16.0 16.0 16.0 16.0
16.0 16.0 16.0 16.0 16.0 16.0
16.0 16.0 16.0 16.0 16.0 16.0
16.0 16.0 16.0 16.0 16.0 16.0
16.0 16.0 16.0 16.0 16.0 16.0
16.0 16.0 16.0 16.0 16.0 16.0
16.0 16.0 16.0 16.0 16.0 16.0
16.0 16.0 16.0 16.0 16.0 16.0
16.0 16.0 16.0 16.0 16.0 16.0
16.0 16.0 16.0 16.0 16.0 16.0
16.0 16.0 16.0 16.0 16.0 16.0
16.0 16.0 16.0 16.0 16.0 16.0
16.0 16.0 16.0 16.0 16.0 16.0
16.0 16.0 16.0 16.0 16.0 16.0
16.0 16.0 16.0 16.0 16.0 16.0
16.0 16.0 16.0 16.0 16.0 16.0
16.0 16.0 16.0 16.0 16.0 16.0
16.0 16.0 16.0 16.0 16.0 16.0
16.0 16.0 16.0 16.0 16.0 16.0
16.0 16.0 16.0 16.0 16.0 16.0
16.0 16.0 16.0 16.0 16.0 16.0
16.0 16.0 16.0 16.0 16.0 16.0
16.0 16.0 16.0 16.0 16.0 16.0
16.0 16.0 16.0 16.0 16.0 16.0
16.0 16.0 16.0 16.0 16.0 16.0
16.0 16.0 16.0 16.0 16.0 16.0
16.0 16.0 16.0 16.0 16.0 16.0
16.0 16.0 16.0 16.0 16.0 16.0
16.0 16.0 16.0 16.0 16.0 16.0
16.0 16.0 16.0 16.0 16.0 16.0
16.0 16.0 16.0 16.0 16.0 16.0
16.0 16.0 16.0 16.0 16.0 16.0
16.0 16.0 16.0 16.0 16.0 16.0
16.0 16.0 16.0 16.0 16.0 16.0
16.0 16.0 16.0 16.0 16.0 16.0
16.0 16.0 16.0 16.0 16.0 16.0
16.0 16.0 16.0 16.0 16.0 16.0
16.0 16.0 16.0 16.0 16.0 16.0
16.0 16.0 16.0 16.0 16.0 16.0
16.0 16.0 16.0 16.0 16.0 16.0
16.0 16.0 16.0 16.0 16.0 16.0
16.0 16.0 16.0 16.0 16.0 16.0
16.0 16.0 16.0 16.0 16.0 16.0
16.0 16.0 16.0 16.0 16.0 16.0
16.0 16.0 16.0 16.0 16.0 16.0
16.0 16.0 16.0 16.0 16.0 16.0
16.0 16.0 16.0 16.0 16.0 16.0
16.0 16.0 16.0 16.0 16.0 16.0
16.0 16.0 16.0 16.0 16.0 16.0
16.0 16.0 16.0 16.0 16.0 16.0
16.0 16.0 16.0 16.0 16.0 16.0
16.0 16.0 16.0 16.0 16.0 16.0
16.0 16.0 16.0 16.0 16.0 16.0
16.0 16.0 16.0 16.0 16.0 16.0
16.0 16.0 16.0 16.0 16.0 16.0
16.0 16.0 16.0 16.0 16.0 16.0
16.0 16.0 16.0 16.0 16.0 16.0
16.0 16.0 16.0 16.0 16.0 16.0
16.0 16.0 16.0 16.0 16.0 16.0
16.0 16.0 16.0 16.0 16.0 16.0
16.0 16.0 16.0 16.0 16.0 16.0
16.0 16.0 16.0 16.0 16.0 16.0
16.0 16.0 16.0 16.0 16.0 16.0
16.0 16.0 16.0 16.0 16.0 16.0
16.0 16.0 16.0 16.0 16.0 16.0
16.0 16.0 16.0 16.0 16.0 16.0
16.0 16.0 16.0 16.0 16.0 16.0
16.0 16.0 16.0 16.0 16.0 16.0
16.0 16.0 16.0 16.0 16.0 16.0
16.0 16.0 16.0 16.0 16.0 16.0
16.0 16.0 16.0 16.0 16.0 16.0
16.0 16.0 16.0 16.0 16.0 16.0
16.0 16.0 16.0 16.0 16.0 16.0
16.0 16.0 16.0 16.0 16.0 16.0
16.0 16.0 16.0 16.0 16.0 16.0
16.0 16.0 16.0 16.0 16.0 16.0
16.0 16.0 16.0 16.0 16.0 16.0
16.0 16.0 16.0 16.0 16.0 16.0
16.0 16.0 16.0 16.0 16.0 16.0
16.0 16.0 16.0 16.0 16.0 16.0
16.0 16.0 16.0 16.0 16.0 16.0
16.0 16.0 16.0 16.0 16.0 16.0
16.0 16.0 16.0 16.0 16.0 16.0
16.0 16.0 16.0 16.0 16.0 16.0
16.0 16.0 16.0 16.0 16.0 16.0
16.0 16.0 16.0 16.0 16.0 16.0
16.0 16.0 16.0 16.0 16.0 16.0
16.0 16.0 16.0 16.0 16.0 16.0
16.0 16.0 16.0 16.0 16.0 16.0
16.0 16.0 16.0 16.0 16.0 16.0
16.0 16.0 16.0 16.0 16.0 16.0
16.0 16.0 16.0 16.0 16.0 16.0
16.0 16.0 16.0 16.0 16.0 16.0
16.0 16.0 16.0 16.0 16.0 16.0
16.0 16.0 16.0 16.0 16.0 16.0
16.0 16.0 16.0 16.0 16.0 16.0
16.0 16.0 16.0 16.0 16.0 16.0
16.0 16.0 16.0 16.0 16.0 16.0
16.0 16.0 16.0 16.0 16.0 16.0
16.0 16.0 16.0 16.0 16.0 16.0
16.0 16.0 16.0 16.0 16.0 16.0
16.0 16.0 16.0 16.0 16.0 16.0
16.0 16.0 16.0 16.0 16.0 16.0
16.0 16.0 16.0 16.0 16.0 16.0
16.0 16.0 16.0 16.0 16.0 16.0
16.0 16.0 16.0 16.0 16.0 16.0
16.0 16.0 16.0 16.0 16.0 16.0
16.0 16.0 16.0 16.0 16.0 16.0
16.0 16.0 16.0 16.0 16.0 16.0
16.0 16.0 16.0 16.0 16.0 16.0
16.0 16.0 16.0 16.0 16.0 16.0
16.0 16.0 16.0 16.0 16.0 16.0
16.0 16.0 16.0 16.0 16.0 16.0
16.0 16.0 16.0 16.0 16.0 16.0
16.0 16.0 16.0 16.0 16.0 16.0
16.0 16.0 16.0 16.0 16.0 16.0
16.0 16.0 16.0 16.0 16.0 16.0
16.0 16.0 16.0 16.0 16.0 16.0
16.0 16.0 16.0 16.0 16.0 16.0
16.0 16.0 16.0 16.0 16.0 16.0
16.0 16.0 16.0 16.0 16.0 16.0
16.0 16.0 16.0 16.0 16.0 16.0
16.0 16.0 16.0 16.0 16.0 16.0
16.0 16.0 16.0 16.0 16.0 16.0
16.0 16.0 16.0 16.0 16.0 16.0
16.0 16.0 16.0 16.0 16.0 16.0
16.0 16.0 16.0 16.0 16.0 16.0
16.0 16.0 16.0 16.0 16.0 16.0
16.0 16.0 16.0 16.0 16.0 16.0
16.0 16.0 16.0 16.0 16.0 16.0
16.0 16.0 16.0 16.0 16.0 16.0
16.0 16.0 16.0 16.0 16.0 16.0
16.0 16.0 16.0 16.0 16.0 16.0
16.0 16.0 16.0 16.0 16.0 16.0
16.0 16.0 16.0 16.0 16.0 16.0
16.0 16.0 16.0 16.0 16.0 16.0
16.0 16.0 16.0 16.0 16.0 16.0
16.0 16.0 16.0 16.0 16.0 16.0
16.0 16.0 16.0 16.0 16.0 16.0
16.0 16.0 16.0 16.0 16.0 16.0
16.0 16.0 16.0 16.0 16.0 16.0
16.0 16.0 16.0 16.0 16.0 16.0
16.0 16.0 16.0 16.0 16.0 16.0
16.0 16.0 16.0 16.0 16.0 16.0
16.0 16.0 16.0 16.0 16.0 16.0
16.0 16.0 16.0 16.0 16.0 16.0
16.0 16.0 16.0 16.0 16.0 16.0
16.0 16.0 16.0 16.0 16.0 16.0
16.0 16.0 16.0 16.0 16.0 16.0
16.0 16.0 16.0 16.0 16.0 16.0
16.0 16.0 16.0 16.0 16.0 16.0
16.0 16.0 16.0 16.0 16.0 16.0
16.0 16.0 16.0 16.0 16.0 16.0
16.0 16.0 16.0 16.0 16.0 16.0
16.0 16.0 16.0 16.0 16.0 16.0
16.0 16.0 16.0 16.0 16.0 16.0
16.0 16.0 16.0 16.0 16.0 16.0
16.0 16.0 16.0 16.0 16.0 16.0
16.0 16.0 16.0 16.0 16.0 16.0
16.0 16.0 16.0 16.0 16.0 16.0
16.0 16.0 16.0 16.0 16.0 16.0
16.0 16.0 16.0 16.0 16.0 16.0
16.0 16.0 16.0 16.0 16.0 16.0
16.0 16.0 16.0 16.0 16.0 16.0
16.0 16.0 16.0 16.0 16.0 16.0
16.0 16.0 16.0 16.0 16.0 16.0
16.0 16.0 16.0 16.0 16.0 16.0
16.0 16.0 16.0 16.0 16.0 16.0
16.0 16.0 16.0 16.0 16.0 16.0
16.0 16.0 16.0 16.0 16.0 16.0
16.0 16.0 16.0 16.0 16.0 16.0
16.0 16.0 16.0 16.0 16.0 16.0
16.0 16.0 16.0 16.0 16.0 16.0
16.0 16.0 16.0 16.0 16.0 16.0
16.0 16.0 16.0 16.0 16.0 16.0
16.0 16.0 16.0 16.0 16.0 16.0
16.0 16.0 16.0 16.0 16.0 16.0
16.0 16.0 16.0 16.0 16.0 16.0
16.0 16.0 16.0 16.0 16.0 16.0
16.0 16.0 16.0 16.0 16.0 16.0
16.0 16.0 16.0 16.0 16.0 16.0
16.0 16.0 16.0 16.0 16.0 16.0
16.0 16.0 16.0 16.0 16.0 16.0
16.0 16.0 16.0 16.0 16.0 16.0
16.0 16.0 16.0 16.0 16.0 16.0
16.0 16.0 16.0 16.0 16.0 16.0
16.0 16.0 16.0 16.0 16.0 16.0
16.0 16.0 16.0 16.0 16.0 16.0
16.0 16.0 16.0 16.0 16.0 16.0
16.0 16.0 16.0 16.0 16.0 16.0
16.0 16.0 16.0 16.0 16.0 16.0
16.0 16.0 16.0 16.0 16.0 16.0
16.0 16.0 16.0 16.0 16.0 16.0
16.0 16.0 16.0 16.0 16.0 16.0
16.0 16.0 16.0 16.0 16.0 16.0
16.0 16.0 16.0 16.0 16.0 16.0
16.0 16.0 16.0 16.0 16.0 16.0
16.0 16.0 16.0 16.0 16.0 16.0
16.0 16.0 16.0 16.0 16.0 16.0
16.0 16.0 16.0 16.0 16.0 16.0
16.0 16.0 16.0 16.0 16.0 16.0
16.0 16.0 16.0 16.0 16.0 16.0
16.0 16.0 16.0 16.0 16.0 16.0
16.0 16.0 16.0 16.0 16.0 16.0
16.0 16.0 16.0 16.0 16.0 16.0
16.0 16.0 16.0 16.0 16.0 16.0
16.0 16.0 16.0 16.0 16.0 16.0
16.0 16.0 16.0 16.0 16.0 16.0
16.0 16.0 16.0 16.0 16.0 16.0
16.0 16.0 16.0 16.0 16.0 16.0
16.0 16.0 16.0 16.0 16.0 16.0
16.0 16.0 16.0 16.0 16.0 16.0
16.0 16.0 16.0 16.0 16.0 16.0
16.0 16.0 16.0 16.0 16.0 16.0
16.0 16.0 16.0 16.0 16.0 16.0
16.0 16.0 16.0 16.0 16.0 16.0
16.0 16.0 16.0 16.0 16.0 16.0
16.0 16.0 16.0 16.0 16.0 16.0
16.0 16.0 16.0 16.0 16.0 16.0
16.0 16.0 16.0 16.0 16.0 16.0
16.0 16.0 16.0 16.0 16.0 16.0
16.0 16.0 16.0 16.0 16.0 16.0
16.0 16.0 16.0 16.0 16.0 16.0
16.0 16.0 16.0 16.0 16.0 16.0
16.0 16.0 16.0 16.0 16.0 16.0
16.0 16.0 16.0 16.0 16.0 16.0
16.0 16.0 16.0 16.0 16.0 16.0
16.0 16.0 16.0 16.0 16.0 16.0
16.0 16.0 16.0 16.0 16.0 16.0
16.0 16.0 16.0 16.0 16.0 16.0
16.0 16.0 16.0 16.0 16.0 16.0
16.0 16.0 16.0 16.0 16.0 16.0
16.0 16.0 16.0 16.0 16.0 16.0
16.0 16.0 16.0 16.0 16.0 16.0
16.0 16.0 16.0 16.0 16.0 16.0
16.0 16.0 16.0 16.0 16.0 16.0
16.0 16.0 16.0 16.0 16.0 16.0
16.0 16.0 16.0 16.0 16.0 16.0
16.0 16.0 16.0 16.0 16.0 16.0
16.0 16.0 16.0 16.0 16.0 16.0
16.0 16.0 16.0 16.0 16.0 16.0
16.0 16.0 16.0 16.0 16.0 16.0
16.0 16.0 16.0 16.0 16.0 16.0
16.0 16.0 16.0 16.0 16.0 16.0
16.0 16.0 16.0 16.0 16.0 16.0
16.0 16.0 16.0 16.0 16.0 16.0
16.0 16.0 16.0 16.0 16.0 16.0
16.0 16.0 16.0 16.0 16.0 16.0
16.0 16.0 16.0 16.0 16.0 16.0
16.0 16.0 16.0 16.0 16.0 16.0
16.0 16.0 16.0 16.0 16.0 16.0
16.0 16.0 16.0 16.0 16.0 16.0
16.0 16.0 16.0 16.0 16.0 16.0
16.0 16.0 16.0 16.0 16.0 16.0
16.0 16.0 16.0 16.0 16.0 16.0
16.0 16.0 16.0 16.0 16.0 16.0
16.0 16.0 16.0 16.0 16.0 16.0
16.0 16.0 16.0 16.0 16.0 16.0
16.0 16.0 16.0 16.0 16.0 16.0
16.0 16.0 16.0 16.0 16.0 16.0
16.0 16.0 16.0 16.0 16.0 16.0
16.0 16.0 16.0 16.0 16.0 16.0
16.0 16.0 16.0 16.0 16.0 16.0
16.0 16.0 16.0 16.0 16.0 16.0
16.0 16.0 16.0 16.0 16.0 16.0
16.0 16.0 16.0 16.0 16.0 16.0
16.0 16.0 16.0 16.0 16.0 16.0
16.0 16.0 16.0 16.0 16.0 16.0
16.0 16.0 16.0 16.0 16.0 16.0
16.0 16.0 16.0 16.0 16.0 16.0
16.0 16.0 16.0 16.0 16.0 16.0
16.0 16.0 16.0 16.0 16.0 16.0
16.0 16.0 16.0 16.0 16.0 16.0
16.0 16.0 16.0 16.0 16.0 16.0
16.0 16.0 16.0 16.0 16.0 16.0
16.0 16.0 16.0 16.0 16.0 16.0
16.0 16.0 16.0 16.0 16.0 16.0
16.0 16.0 16.0 16.0 16.0 16.0
16.0 16.0 16.0 16.0 16.0 16.0
16.0 16.0 16.0 16.0 16.0 16.0
16.0 16.0 16.0 16.0 16.0 16.0
16.0 16.0 16.0 16.0 16.0 16.0
16.0 16.0 16.0 16.0 16.0 16.0
16.0 16.0 16.0 16.0 16.0 16.0
16.0 16.0 16.0 16.0 16.0 16.0
16.0 16.0 16.0 16.0 16.0 16.0
16.0 16.0 16.0 16.0 16.0 16.0
16.0 16.0 16.0 16.0 16.0 16.0
16.0 16.0 16.0 16.0 16.0 16.0
16.0 16.0 16.0 16.0 16.0 16.0
16.0 16.0 16.0 16.0 16.0 16.0
16.0 16.0 16.0 16.0 16.0 16.0
16.0 16.0 16.0 16.0 16.0 16.0
16.0 16.0 16.0 16.0 16.0 16.0
16.0 16.0 16.0 16.0 16.0 16.0
16.0 16.0 16.0 16.0 16.0 16.0
16.0 16.0 16.0 16.0 16.0 16.0
16.0 16.0 16.0 16.0 16.0 16.0
16.0 16.0 16.0 16.0 16.0 16.0
16.0 16.0 16.0 16.0 16.0 16.0
16.0 16.0 16.0 16.0 16.0 16.0
16.0 16.0 16.0 16.0 16.0 16.0
16.0 16.0 16.0 16.0 16.0 16.0
16.0 16.0 16.0 16.0 16.0 16.0
16.0 16.0 16.0 16.0 16.0 16.0
16.0 16.0 16.0 16.0 16.0 16.0
16.0 16.0 16.0 16.0 16.0 16.0
16.0 16.0 16.0 16.0 16.0 16.0
16.0 16.0 16.0 16.0 16.0 16.0
16.0 16.0 16.0 16.0 16.0 16.0
16.0 16.0 16.0 16.0 16.0 16.0
16.0 16.0 16.0 16.0 16.0 16.0
16.0 16.0 16.0 16.0 16.0 16.0
16.0 16.0 16.0 16.0 16.0 16.0
16.0 16.0 16.0 16.0 16.0 16.0
16.0 16.0 16.0 16.0 16.0 16.0
16.0 16.0 16.0 16.0 16.0 16.0
16.0 16.0 16.0 16.0 16.0 16.0
16.0 16.0 16.0 16.0 16.0 16.0
16.0 16.0 16.0 16.0 16.0 16.0
16.0 16.0 16.0 16.0 16.0 16.0
16.0 16.0 16.0 16.0 16.0 16.0
16.0 16.0 16.0 16.0 16.0 16.0
16.0 16.0 16.0 16.0 16.0 16.0
16.0 16.0 16.0 16.0 16.0 16.0
16.0 16.0 16.0 16.0 16.0 16.0
16.0 16.0 16.0 16.0 16.0 16.0
16.0 16.0 16.0 16.0 16.0 16.0
16.0 16.0 16.0 16.0 16.0 16.0
16.0 16.0 16.0 16.0 16.0 16.0
16.0 16.0 16.0 16.0 16.0 16.0
16.0 16.0 16.0 16.0 16.0 16.0
16.0 16.0 16.0 16.0 16.0 16.0
16.0 16.0 16.0 16.0 16.0 16.0
16.0 16.0 16.0 16.0 16.0 16.0
16.0 16.0 16.0 16.0 16.0 16.0
16.0 16.0 16.0 16.0 16.0 16.0
16.0 16.0 16.0 16.0 16.0 16.0
16.0 16.0 16.0 16.0 16.0 16.0
16.0 16.0 16.0 16.0 16.0 16.0
16.0 16.0 16.0 16.0 16.0 16.0
16.0 16.0 16.0 16.0 16.0 16.0
16.0 16.0 16.0 16.0 16.0 16.0
16.0 16.0 16.0 16.0 16.0 16.0
16.0 16.0 16.0 16.0 16.0 16.0
16.0 16.0 16.0 16.0 16.0 16.0
16.0 16.0 16.0 16.0 16.0 16.0
16.0 16.0 16.0 16.0 16.0 16.0
16.0 16.0 16.0 16.0 16.0 16.0
16.0 16.0 16.0 16.0 16.0 16.0
16.0 16.0 16.0 16.0 16.0 16.0
16.0 16.0 16.0 16.0 16.0 16.0
16.0 16.0 16.0 16.0 16.0 16.0
16.0 16.0 16.0 16.0 16.0 16.0
16.0 16.0 16.0 16.0 16.0 16.0
16.0 16.0 16.0 16.0 16.0 16.0
16.0 16.0 16.0 16.0 16.0 16.0
16.0 16.0 16.0 16.0 16.0 16.0
16.0 16.0 16.0 16.0 16.0 16.0
16.0 16.0 16.0 16.0 16.0 16.0
16.0 16.0 16.0 16.0 16.0 16.0
16.0 16.0 16.0 16.0 16.0 16.0
16.0 16.0 16.0 16.0 16.0 16.0
16.0 16.0 16.0 16.0 16.0 16.0
16.0 16.0 16.0 16.0 16.0 16.0
16.0 16.0 16.0 16.0 16.0 16.0
16.0 16.0 16.0 16.0 16.0 16.0
16.0 16.0 16.0 16.0 16.0 16.0
16.0 16.0 16.0 16.0 16.0 16.0
16.0 16.0 16.0 16.0 16.0 16.0
16.0 16.0 16.0 16.0 16.0 16.0
16.0 16.0 16.0 16.0 16.0 16.0
16.0 16.0 16.0 16.0 16.0 16.0
16.0 16.0 16.0 16.0 16.0 16.0
16.0 16.0 16.0 16.0 16.0 16.0
16.0 16.0 16.0 16.0 16.0 16.0
16.0 16.0 16.0 16.0 16.0 16.0
16.0 16.0 16.0 16.0 16.0 16.0
16.0 16.0 16.0 16.0 16.0 16.0
16.0 16.0 16.0 16.0 16.0 16.0
16.0 16.0 16.0 16.0 16.0 16.0
16.0 16.0 16.0 16.0 16.0 16.0
16.0 16.0 16.0 16.0 16.0 16.0
16.0 16.0 16.0 16.0 16.0 16.0
16.0 16.0 16.0 16.0 16.0 16.0
16.0 16.0 16.0 16.0 16.0 16.0
16.0 16.0 16.0 16.0 16.0 16.0
16.0 16.0 16.0 16.0 16.0 16.0
16.0 16.0 16.0 16.0 16.0 16.0
16.0 16.0 16.0 16.0 16.0 16.0
16.0 16.0 16.0 16.0 16.0 16.0
16.0 16.0 16.0 16.0 16.0 16.0
16.0 16.0 16.0 16.0 16.0 16.0
16.0 16.0 16.0 16.0 16.0 16.0
16.0 16.0 16.0 16.0 16.0 16.0
16.0 16.0 16.0 16.0 16.0 16.0
16.0 16.0 16.0 16.0 16.0 16.0
16.0 16.0 16.0 16.0 16.0 16.0
16.0 16.0 16.0 16.0 16.0 16.0
16.0 16.0 16.0 16.0 16.0 16.0
16.0 16.0 16.0 16.0 16.0 16.0
16.0 16.0 16.0 16.0 16.0 16.0
16.0 16.0 16.0 16.0 16.0 16.0
16.0 16.0 16.0 16.0 16.0 16.0
16.0 16.0 16.0 16.0 16.0 16.0
16.0 16.0 16.0 16.0 16.0 16.0
16.0 16.0 16.0 16.0 16.0 16.0
16.0 16.0 16.0 16.0 16.0 16.0
16.0 16.0 16.0 16.0 16.0 16.0
16.0 16.0 16.0 16.0 16.0 16.0
16.0 16.0 16.0 16.0 16.0 16.0
16.0 16.0 16.0 16.0 16.0 16.0
16.0 16.0 16.0 16.0 16.0 16.0
16.0 16.0 16.0 16.0 16.0 16.0
16.0 16.0 16.0 16.0 16.0 16.0
16.0 16.0 16.0 16.0 16.0 16.0
16.0 16.0 16.0 16.0 16.0 16.0
16.0 16.0 16.0 16.0 16.0 16.0
16.0 16.0 16.0 16.0 16.0 16.0
16.0 16.0 16.0 16.0 16.0 16.0
16.0 16.0 16.0 16.0 16.0 16.0
16.0 16.0 16.0 16.0 16.0 16.0
16.0 16.0 16.0 16.0 16.0 16.0
16.0 16.0 16.0 16.0 16.0 16.0
16.0 16.0 16.0 16.0 16.0 16.0
16.0 16.0 16.0 16.0 16.0 16.0
16.0 16.0 16.0 16.0 16.0 16.0
16.0 16.0 16.0 16.0 16.0 16.0
16.0 16.0 16.0 16.0 16.0 16.0
16.0 16.0 16.0 16.0 16.0 16.0
16.0 16.0 16.0 16.0 16.0 16.0
16.0 16.0 16.0 16.0 16.0 16.0
16.0 16.0 16.0 16.0 16.0 16.0
16.0 16.0 16.0 16.0 16.0 16.0
16.0 16.0 16.0 16.0 16.0 16.0
16.0 16.0 16.0 16.0 16.0 16.0
16.0 16.0 16.0 16.0 16.0 16.0
16.0 16.0 16.0 16.0 16.0 16.0
16.0 16.0 16.0 16.0 16.0 16.0
16.0 16.0 16.0 16.0 16.0 16.0
16.0 16.0 16.0 16.0 16.0 16.0
16.0 16.0 16.0 16.0 16.0 16.0
16.0 16.0 16.0 16.0 16.0 16.0
16.0 16.0 16.0 16.0 16.0 16.0
16.0 16.0 16.0 16.0 16.0 16.0
16.0 16.0 16.0 16.0 16.0 16.0
16.0 16.0 16.0 16.0 16.0 16.0
16.0 16.0 16.0 16.0 16.0 16.0
16.0 16.0 16.0 16.0 16.0 16.0
16.0 16.0 16.0 16.0 16.0 16.0
16.0 16.0 16.0 16.0 16.0 16.0
16.0 16.0 16.0 16.0 16.0 16.0
16.0 16.0 16.0 16.0 16.0 16.0
16.0 16.0 16.0 16.0 16.0 16.0
16.0 16.0 16.0 16.0 16.0 16.0
16.0 16.0 16.0 16.0 16.0 16.0
16.0 16.0 16.0 16.0 16.0 16.0
16.0 16.0 16.0 16.0 16.0 16.0
16.0 16.0 16.0 16.0 16.0 16.0
16.0 16.0 16.0 16.0 16.0 16.0
16.0 16.0 16.0 16.0 16.0 16.0
16.0 16.0 16.0 16.0 16.0 16.0
16.0 16.0 16.0 16.0 16.0 16.0
16.0 16.0 16.0 16.0 16.0 16.0
16.0 16.0 16.0 16.0 16.0 16.0
16.0 16.0 16.0 16.0 16.0 16.0
16.0 16.0 16.0 16.0 16.0 16.0
16.0 16.0 16.0 16.0 16.0 16.0
16.0 16.0 16.0 16.0 16.0 16.0
16.0 16.0 16.0 16.0 16.0 16.0
16.0 16.0 16.0 16.0 16.0 16.0
16.0 16.0 16.0 16.0 16.0 16.0
16.0 16.0 16.0 16.0 16.0 16.0
16.0 16.0 16.0 16.0 16.0 16.0
16.0 16.0 16.0 16.0 16.0 16.0
0 0 0 0 0 0
0 0 0 0 0 0
0 0 0 0 0 0
0 0 0 0 0 0
0 0 0 0 0 0
0 0 0 0 0 0
0 0 0 0 0 0
0 0 0 0 0 0
0 0 0 0 0 0
0 0 0 0 0 0
0 0 0 0 0 0
0 0 0 0 0 0
0 0 0 0 0 0
0 0 0 0 0 0
0 0 0 0 0 0
mind
36 16 21 55 32 22 32 32 2 35 4 34 17 56 0 24 16 24 19 6 59 43 8 53 44 8 46 11 44 56 10 10 8 43 3 2 39 14 15 11 51 20 11 9 56 39 15 34 2 6 47 52 36 0 0 0 0 0 0 0 0 0 0 0 0 33 33 40 40 25 15 7 45 15 24 9 9
maxd
72 32 42 110 64 44 64 64 4 70 8 68 34 112 0 48 32 48 38 12 118 86 16 106 88 16 92 22 88 112 20 20 16 86 6 4 78 28 30 22 102 40 22 18 112 78 30 68 4 12 94 104 72 0 0 0 0 0 0 0 0 0 0 0 0 66 66 80 80 50 30 14 90 30 48 18 18
e
0  134 140 450 181 408 162 69 244 19 121 465 322 197 334 21 166 336 297 286 19 271 132 25 155 358 73 77 59 266 473 398 275 42 168 32 57 441 294 393 67 217 89 272 34 230 262 248 335 124 14 339 381 357 469 69 238 387 286 150 450 86 145 115 266 331 447 355 282 290 29 65 380 346 75 250 0
l
600  254 260 570 301 528 282 189 364 139 241 585 442 317 454 141 286 456 417 406 139 391 252 145 275 478 193 197 179 386 593 518 395 162 288 152 177 561 414 513 187 337 209 392 154 350 382 368 455 244 134 459 501 477 589 189 358 507 406 270 570 206 265 235 386 451 567 475 402 410 149 185 500 466 195 370 1000
