nbNodes
77
nbVehi
15
nbServi
6
r
1 1 1 1 1 1
0 0 0 1 0 0
0 0 0 0 1 0
0 1 0 0 0 0
0 0 0 1 0 0
0 0 1 0 0 0
0 0 0 0 1 0
0 0 1 0 0 0
0 0 0 0 1 0
0 0 0 0 1 0
0 0 0 0 1 0
0 1 0 0 0 0
0 1 0 0 0 0
0 1 0 0 0 0
0 0 0 1 0 0
1 0 0 0 0 0
0 0 0 0 1 0
0 0 1 0 0 0
1 0 0 0 0 0
1 0 0 0 0 0
0 0 0 0 0 1
0 0 1 0 0 0
0 0 1 0 0 0
0 0 0 0 1 0
0 0 0 0 0 1
0 0 1 0 0 0
0 0 0 0 0 1
0 0 0 0 1 0
0 0 0 0 0 1
0 0 0 1 0 0
0 0 1 0 0 0
0 1 0 0 0 0
0 0 0 0 1 0
1 0 0 0 0 0
0 0 0 0 1 0
0 0 0 0 0 1
0 0 0 1 0 0
0 0 0 1 0 0
1 0 0 0 0 0
0 0 0 1 0 0
0 0 1 0 0 0
0 1 0 0 0 0
0 0 1 0 0 0
0 1 0 0 0 0
0 0 0 1 0 0
0 0 0 1 0 0
1 0 0 0 0 0
1 0 0 0 0 0
1 0 0 0 0 0
0 0 0 0 1 0
0 0 0 0 0 1
0 0 0 0 1 0
0 0 0 1 0 0
0 0 0 1 0 1
0 0 0 1 1 0
0 0 0 0 1 1
0 0 0 1 1 0
0 0 0 1 1 0
0 0 0 1 1 0
0 0 0 0 1 1
0 0 0 1 1 0
0 0 0 1 0 1
0 0 0 1 0 1
0 0 0 1 0 1
1 0 0 0 0 1
0 0 1 0 0 1
0 1 0 1 0 0
1 0 0 1 0 0
0 0 1 0 1 0
0 0 1 0 0 1
0 1 0 0 1 0
0 0 1 1 0 0
1 0 0 0 1 0
1 0 0 0 1 0
1 0 0 1 0 0
1 0 0 1 0 0
1 1 1 1 1 1
DS
76 75 74 73 72 71 70 69 68 67 66 65 64 63 62 61 60 59 58 57 56 55 54
a
1  0  0  0  0  0
0  0  1  0  0  0
0  1  1  0  0  0
0  1  0  0  0  0
0  1  1  0  0  0
0  0  0  1  0  1
0  0  0  1  1  0
0  0  0  1  1  1
0  0  0  1  1  0
0  0  0  1  1  1
0  0  0  0  1  1
0  0  0  1  1  1
0  0  0  1  1  1
0  0  0  1  0  1
0  0  0  1  1  1
x
85 47 54 34 78 69 17 62 92 96 76 10 74 98 37 5 0 63 89 75 15 77 77 20 0 52 76 36 58 4 0 86 98 8 65 59 15 22 92 1 88 41 85 79 59 17 74 53 1 36 74 94 94 8 3 67 51 57 77 50 8 90 16 21 34 28 50 95 64 16 88 11 63 79 92 0 85
y
44 42 23 47 1 25 7 14 7 7 49 6 7 49 33 46 41 46 38 35 27 8 42 35 46 20 20 29 45 8 40 40 35 6 48 37 28 9 2 49 41 10 38 33 5 32 31 15 9 16 46 7 33 38 2 17 32 17 18 45 44 41 36 18 48 33 13 24 0 4 39 19 22 40 8 0 44
d
0.0 38.052597 37.44329 51.088158 43.56604 24.839485 77.41447 37.802116 37.65634 38.600517 10.29563 84.07735 38.600517 13.928389 49.24429 80.024994 85.052925 22.090721 7.2111025 13.453624 72.03471 36.878178 8.246211 65.62012 85.02353 40.804413 25.632011 51.24451 27.018513 88.63972 85.09406 4.1231055 15.811388 85.86617 20.396078 26.925823 71.80529 72.06941 42.579338 84.14868 4.2426405 55.605755 6.0 12.529964 46.872166 69.050705 17.029387 43.185646 91.0 56.435802 11.18034 38.078865 14.21267 77.23341 92.13034 32.449963 36.05551 38.8973 27.202942 35.014282 77.0 5.8309517 69.46222 69.079666 51.156624 58.0517 46.75468 22.36068 48.754486 79.755875 5.8309517 78.1089 31.112698 7.2111025 36.67424 95.71311 0.0
38.052597 0.0 20.248457 13.928389 51.40039 27.802877 46.09772 31.764761 57.00877 60.216278 29.832869 51.62364 44.20407 51.47815 13.453624 42.190044 47.010635 16.492422 42.190044 28.86174 35.341194 45.343136 30.0 27.89265 47.169907 22.561028 36.40055 17.029387 11.401754 54.81788 47.042534 39.051247 51.47815 53.075417 18.973665 13.0 34.928497 41.400482 60.207973 46.52956 41.01219 32.55764 38.209946 33.24154 38.8973 31.622776 29.15476 27.658634 56.61272 28.231188 27.294687 58.60034 47.853943 39.20459 59.464275 32.01562 10.770329 26.925823 38.418747 4.2426405 39.051247 43.011627 31.575306 35.383614 14.3178215 21.023796 29.15476 51.264023 45.310043 49.0408 41.109608 42.72002 25.612497 32.06244 56.400356 63.03174 38.052597
37.44329 20.248457 0.0 31.241 32.55764 15.132746 40.311287 12.0415945 41.231056 44.94441 34.058773 47.169907 25.612497 51.10773 19.723083 54.129475 56.920998 24.698177 38.078865 24.186773 39.20459 27.45906 29.832869 36.05551 58.694122 3.6055512 22.203604 18.973665 22.36068 52.201534 56.61272 36.23534 45.607018 49.0408 27.313 14.866069 39.319206 34.928497 43.416588 59.03389 38.470768 18.384777 34.43835 26.925823 18.681541 38.078865 21.540659 8.062258 54.81788 19.313208 30.479502 43.081318 41.231056 48.38388 55.154327 14.3178215 9.486833 6.708204 23.537205 22.36068 50.566788 40.24922 40.16217 33.37664 32.01562 27.856777 10.770329 41.01219 25.079872 42.48529 37.576588 43.185646 9.055386 30.232433 40.853397 58.694122 37.44329
51.088158 13.928389 31.241 0.0 63.655323 41.340054 43.462627 43.27817 70.45566 73.78347 42.047592 47.507893 56.568542 64.03124 14.3178215 29.017237 34.525352 29.017237 55.7315 42.72002 27.58623 58.0517 43.289722 18.439089 34.0147 32.449963 49.92995 18.110771 24.083189 49.20366 34.713108 52.46904 65.11528 48.548943 31.016125 26.925823 26.870058 39.849716 73.409805 33.06055 54.33231 37.65634 51.78803 47.127487 48.8774 22.671568 43.081318 37.215588 50.32892 31.06445 40.012497 72.11102 61.611687 27.513634 54.644306 44.598206 22.671568 37.802116 51.86521 16.124516 26.172504 56.32051 21.095022 31.780497 1.0 15.231546 37.576588 65.192024 55.758408 46.615448 54.589375 36.23534 38.28838 45.54119 69.89278 58.00862 51.088158
43.56604 51.40039 32.55764 63.655323 0.0 25.632011 61.294373 20.615528 15.231546 18.973665 48.04165 68.18358 7.2111025 52.0 52.009613 85.75546 87.658424 47.434166 38.600517 34.132095 68.154236 7.071068 41.01219 67.23094 90.04999 32.202484 19.104973 50.47772 48.332184 74.330345 87.20665 39.812057 39.446167 70.178345 48.76474 40.706264 68.54196 56.568542 14.035668 90.73588 41.231056 38.078865 37.65634 32.01562 19.416489 68.42514 30.265491 28.653097 77.41447 44.598206 45.17743 17.088007 35.77709 79.17702 75.00667 19.416489 41.109608 26.400757 17.029387 52.153618 82.1523 41.761227 71.19691 59.48109 64.381676 59.36329 30.463093 28.600698 14.035668 62.072536 39.293766 69.375786 25.806976 39.012817 15.652476 78.00641 43.56604
24.839485 27.802877 15.132746 41.340054 25.632011 0.0 55.027267 13.038404 29.206163 32.449963 25.0 61.983868 18.681541 37.64306 32.984844 67.357254 70.83079 21.84033 23.853722 11.661903 54.037025 18.788294 18.788294 50.01 72.12489 17.720045 8.602325 33.24154 22.825424 67.18631 70.61161 22.671568 30.675724 63.89053 23.345236 15.6205 54.08327 49.648766 32.526913 72.11102 24.839485 31.764761 20.615528 12.806249 22.36068 52.46904 7.81025 18.867962 69.856995 34.20526 21.587032 30.805843 26.24881 62.369865 69.89278 8.246211 19.313208 14.422205 10.630146 27.58623 63.89053 26.400757 54.129475 48.507732 41.880783 41.773197 22.472204 26.019224 25.495098 57.00877 23.600847 58.30952 6.708204 18.027756 28.600698 73.38937 24.839485
77.41447 46.09772 40.311287 43.462627 61.294373 55.027267 0.0 45.54119 75.0 79.0 72.42237 7.071068 57.0 91.24144 32.80244 40.804413 38.013157 60.307545 78.39005 64.40497 20.09975 60.00833 69.46222 28.160255 42.544094 37.336308 60.41523 29.068884 55.9017 13.038404 37.12142 76.48529 85.70297 9.055386 63.126858 51.613953 21.095022 5.3851647 75.16648 44.94441 78.72102 24.186773 74.73286 67.23094 42.047592 25.0 61.846584 36.878178 16.124516 21.023796 69.065186 77.0 81.27115 32.280025 14.866069 50.990196 42.201897 41.231056 61.0 50.32892 38.078865 80.529495 29.017237 11.7046995 44.38468 28.231188 33.54102 79.83107 47.518417 3.1622777 77.87811 13.416408 48.38388 70.23532 75.00667 18.384777 77.41447
37.802116 31.764761 12.0415945 43.27817 20.615528 13.038404 45.54119 0.0 30.805843 34.713108 37.696156 52.611786 13.892444 50.20956 31.400637 65.36819 67.62396 32.01562 36.124783 24.698177 48.76474 16.155495 31.764761 46.957428 69.77106 11.661903 15.231546 30.016663 31.257 58.30952 67.23094 35.383614 41.677334 54.589375 34.132095 23.194826 49.0408 40.311287 32.31099 70.327805 37.48333 21.377558 33.24154 25.495098 9.486833 48.466484 20.808653 9.055386 61.204575 26.076809 34.176014 32.75668 37.215588 59.093147 60.207973 5.8309517 21.095022 5.8309517 15.524175 33.24154 61.77378 38.8973 50.990196 41.19466 44.04543 38.948685 12.0415945 34.48188 14.142136 47.07441 36.069378 51.24451 8.062258 31.06445 30.594116 63.560993 37.802116
37.65634 57.00877 41.231056 70.45566 15.231546 29.206163 75.0 30.805843 0.0 4.0 44.94441 82.006096 18.0 42.426407 60.835846 95.34149 98.0816 48.60041 31.144823 32.75668 79.555016 15.033297 38.078865 77.25283 99.92497 42.059483 20.615528 60.166435 50.990196 88.005684 97.73945 33.54102 28.635643 84.00595 49.09175 44.598206 79.81228 70.028564 5.0 100.22475 34.234486 51.088158 31.780497 29.068884 33.06055 79.05694 30.0 39.812057 91.02197 56.718605 42.953465 2.0 26.076809 89.537704 89.140335 26.925823 48.02083 36.40055 18.601076 56.63921 91.787796 34.058773 81.34495 71.84706 71.02816 69.079666 42.426407 17.262676 28.86174 76.05919 32.24903 81.88406 32.649654 35.468296 1.0 92.26592 37.65634
38.600517 60.216278 44.94441 73.78347 18.973665 32.449963 79.0 34.713108 4.0 0.0 46.518814 86.00581 22.0 42.047592 64.4748 99.00505 101.84302 51.088158 31.780497 35.0 83.43261 19.026299 39.824615 80.99383 103.6195 45.88028 23.853722 63.90618 53.740116 92.00543 101.51354 34.48188 28.071337 88.005684 51.40039 47.63402 83.677956 74.02702 6.4031243 103.87011 34.928497 55.081757 32.89377 31.06445 37.054016 82.86133 32.55764 43.737854 95.02105 60.671246 44.777225 2.0 26.076809 93.30059 93.13431 30.675724 51.47815 40.261642 21.954498 59.665737 95.462036 34.525352 85.09406 75.802376 74.330345 72.8011 46.389652 17.029387 32.75668 80.05623 32.984844 85.84288 36.249138 37.12142 4.1231055 96.25487 38.600517
10.29563 29.832869 34.058773 42.047592 48.04165 25.0 72.42237 37.696156 44.94441 46.518814 0.0 78.77182 42.047592 22.0 42.154476 71.063354 76.41989 13.341664 17.029387 14.035668 64.84597 41.01219 7.071068 57.72348 76.05919 37.64306 29.0 44.72136 18.439089 82.85529 76.53104 13.453624 26.076809 80.454956 11.045361 20.808653 64.513565 67.20119 49.648766 75.0 14.422205 52.40229 14.21267 16.27882 47.169907 61.400326 18.110771 41.04875 85.0 51.855568 3.6055512 45.694637 24.083189 68.88396 86.821655 33.24154 30.232433 37.215588 31.016125 26.305893 68.18358 16.124516 61.39218 63.134777 42.0119 50.596443 44.407207 31.400637 50.447994 75.0 15.6205 71.5891 29.966648 9.486833 44.011364 90.426765 10.29563
84.07735 51.62364 47.169907 47.507893 68.18358 61.983868 7.071068 52.611786 82.006096 86.00581 78.77182 0.0 64.00781 97.94386 38.183765 40.311287 36.40055 66.4003 85.23497 71.17584 21.587032 67.02985 76.05919 30.675724 41.231056 44.27189 67.46851 34.713108 61.846584 6.3245554 35.44009 83.25864 92.65527 2.0 69.2026 57.982758 22.561028 12.369317 82.0975 43.931767 85.49269 31.257 81.5414 74.094536 49.010204 26.925823 68.70953 43.931767 9.486833 27.856777 75.47185 84.00595 88.23265 32.06244 8.062258 58.0517 48.548943 48.270073 68.06615 55.86591 38.052597 87.32124 30.594116 16.27882 48.373547 32.449963 40.60788 86.88498 54.33231 6.3245554 84.693565 13.038404 55.362442 76.922035 82.02438 11.661903 84.07735
38.600517 44.20407 25.612497 56.568542 7.2111025 18.681541 57.0 13.892444 18.0 22.0 42.047592 64.00781 0.0 48.373547 45.221676 79.25907 81.437096 40.5216 34.43835 28.01785 62.297672 3.1622777 35.128338 60.827625 83.64807 25.553865 13.152946 43.908997 41.231056 70.00714 81.02469 35.1141 36.878178 66.007576 41.976185 33.54102 62.625874 52.03845 18.681541 84.21995 36.769554 33.13608 32.89377 26.476404 15.132746 62.241467 24.0 22.472204 73.02739 39.051247 39.0 20.0 32.80244 72.91776 71.17584 12.206555 33.970577 19.723083 11.401754 44.94441 75.66373 37.576588 64.84597 54.129475 57.280014 52.83938 24.738634 27.018513 12.206555 58.077534 34.928497 64.132675 18.601076 33.37664 18.027756 74.330345 38.600517
13.928389 51.47815 51.10773 64.03124 52.0 37.64306 91.24144 50.20956 42.426407 42.047592 22.0 97.94386 48.373547 0.0 63.06346 93.04838 98.32599 35.128338 14.21267 26.925823 85.86617 46.06517 22.135944 79.24645 98.045906 54.378304 36.40055 65.14599 40.1995 102.55243 98.4124 15.0 14.0 99.744675 33.01515 40.804413 85.61542 85.883644 47.38143 97.0 12.806249 69.065186 17.029387 24.839485 58.796257 82.764725 30.0 56.400356 104.92378 70.23532 24.186773 42.190044 16.492422 90.66973 105.99056 44.553337 49.979996 52.009613 37.44329 48.166378 90.13878 11.313708 83.02409 83.00603 64.00781 71.80529 60.0 25.179358 59.64059 93.53609 14.142136 92.02717 44.20407 21.023796 41.4367 109.56733 13.928389
49.24429 13.453624 19.723083 14.3178215 52.009613 32.984844 32.80244 31.400637 60.835846 64.4748 42.154476 38.183765 45.221676 63.06346 0.0 34.539833 37.85499 29.068884 52.23983 38.052597 22.803509 47.169907 41.0 17.117243 39.217342 19.849434 41.109608 4.1231055 24.186773 41.400482 37.65634 49.497475 61.03278 39.623226 31.764761 22.36068 22.561028 28.301943 63.134777 39.39543 51.62364 23.345236 48.259712 42.0 35.608986 20.024984 37.054016 24.083189 43.266617 17.029387 39.217342 62.649822 57.0 29.427877 46.010868 34.0 14.035668 25.612497 42.72002 17.691807 31.016125 53.600372 21.213203 21.931713 15.297058 9.0 23.853722 58.694122 42.638012 35.805027 51.351727 29.529646 28.231188 42.579338 60.41523 49.57822 49.24429
80.024994 42.190044 54.129475 29.017237 85.75546 67.357254 40.804413 65.36819 95.34149 99.00505 71.063354 40.311287 79.25907 93.04838 34.539833 0.0 7.071068 58.0 84.38009 70.85902 21.470911 81.41253 72.11102 18.601076 5.0 53.712196 75.61085 35.35534 53.009434 38.013157 7.81025 81.22192 93.64828 40.112343 60.033325 54.74486 20.59126 40.718548 97.49359 5.0 83.15047 50.91169 80.399 75.13322 67.80118 18.439089 70.61161 57.14018 37.215588 43.13931 69.0 97.16995 89.94443 8.5440035 44.04543 68.44706 48.08326 59.5399 77.25283 45.01111 3.6055512 85.146935 14.866069 32.24903 29.068884 26.41969 55.803226 92.64988 74.8131 43.416588 83.294655 27.658634 62.76942 74.24284 94.93682 46.270943 80.024994
85.052925 47.010635 56.920998 34.525352 87.658424 70.83079 38.013157 67.62396 98.0816 101.84302 76.41989 36.40055 81.437096 98.32599 37.85499 7.071068 0.0 63.1981 89.050545 75.23962 20.518284 83.773506 77.00649 20.880613 5.0 56.0803 78.84795 37.94733 58.137768 33.24154 1.0 86.00581 98.1835 35.902645 65.37584 59.135437 19.849434 38.832977 99.92497 8.062258 88.0 51.40039 85.052925 79.40403 69.115845 19.235384 74.672615 59.03389 32.01562 43.829212 74.168724 99.95999 94.33981 8.5440035 39.115215 71.168816 51.78803 61.846584 80.36168 50.159744 8.5440035 90.0 16.763054 31.144823 34.713108 29.12044 57.306194 96.50906 76.00658 40.311287 88.02273 24.596748 65.802734 79.00633 97.73945 41.0 85.052925
22.090721 16.492422 24.698177 29.017237 47.434166 21.84033 60.307545 32.01562 48.60041 51.088158 13.341664 66.4003 40.5216 35.128338 29.068884 58.0 63.1981 0.0 27.202942 16.27882 51.62364 40.496914 14.56022 44.38468 63.0 28.231188 29.068884 31.906113 5.0990195 70.178345 63.28507 23.769728 36.687874 68.007355 2.828427 9.848858 51.264023 55.226807 52.69725 62.072536 25.495098 42.190044 23.409399 20.615528 41.19466 48.08326 18.601076 32.572994 72.20111 40.36087 11.0 49.819675 33.61547 55.578773 74.404305 29.274563 18.439089 29.614185 31.304953 13.038404 55.03635 27.45906 48.052055 50.47772 29.068884 37.336308 35.468296 38.832977 46.010868 63.03174 25.96151 58.59181 24.0 17.088007 47.801674 78.00641 22.090721
7.2111025 42.190044 38.078865 55.7315 38.600517 23.853722 78.39005 36.124783 31.144823 31.780497 17.029387 85.23497 34.43835 14.21267 52.23983 84.38009 89.050545 27.202942 0.0 14.3178215 74.8131 32.31099 12.649111 69.065186 89.358826 41.14608 22.203604 53.75872 31.780497 90.13878 89.02247 3.6055512 9.486833 87.0919 26.0 30.016663 74.672615 73.00685 36.124783 88.68484 3.1622777 55.569775 4.0 11.18034 44.598206 72.249565 16.552946 42.72002 92.65527 57.384666 17.0 31.400637 7.071068 81.0 93.230896 30.413813 38.470768 38.27532 23.323807 39.623226 81.22192 3.1622777 73.02739 70.88018 55.9017 61.204575 46.32494 15.231546 45.486263 80.529495 1.4142135 80.280754 30.528675 10.198039 30.149628 96.77293 7.2111025
13.453624 28.86174 24.186773 42.72002 34.132095 11.661903 64.40497 24.698177 32.75668 35.0 14.035668 71.17584 28.01785 26.925823 38.052597 70.85902 75.23962 16.27882 14.3178215 0.0 60.530983 27.073973 7.28011 55.0 75.802376 27.45906 15.033297 39.45884 19.723083 75.96052 75.16648 12.083046 23.0 73.00685 16.40122 16.124516 60.40695 59.03389 37.12142 75.31268 14.3178215 42.201897 10.440307 4.472136 34.0 58.077534 4.1231055 29.732138 78.434685 43.382023 11.045361 33.83785 19.104973 67.06713 79.20227 19.697716 24.186773 25.455845 17.117243 26.925823 67.601776 16.155495 59.008472 56.61272 43.011627 47.042534 33.30165 22.825424 36.687874 66.64833 13.601471 65.96969 17.691807 6.4031243 31.906113 82.764725 13.453624
72.03471 35.341194 39.20459 27.58623 68.154236 54.037025 20.09975 48.76474 79.555016 83.43261 64.84597 21.587032 62.297672 85.86617 22.803509 21.470911 20.518284 51.62364 74.8131 60.530983 0.0 64.84597 63.788715 9.433981 24.207438 37.65634 61.400326 21.095022 46.615448 21.954498 19.849434 72.18033 83.38465 22.135944 54.230988 45.122055 1.0 19.313208 80.95678 26.076809 74.330345 31.06445 70.85902 64.28063 49.193497 5.3851647 59.135437 39.849716 22.803509 23.70654 61.983868 81.49233 79.22752 13.038404 27.730848 52.95281 36.345562 43.174065 62.649822 39.357338 18.384777 76.29548 9.055386 10.816654 28.319605 14.3178215 37.696156 80.05623 55.946404 23.021729 73.97973 8.944272 48.259712 65.30697 79.30952 30.88689 72.03471
36.878178 45.343136 27.45906 58.0517 7.071068 18.788294 60.00833 16.155495 15.033297 19.026299 41.01219 67.02985 3.1622777 46.06517 47.169907 81.41253 83.773506 40.496914 32.31099 27.073973 64.84597 0.0 34.0 63.07139 85.86617 27.730848 12.0415945 46.06517 41.59327 73.0 83.38465 33.24154 34.20526 69.02898 41.761227 34.132095 65.14599 55.00909 16.155495 86.35392 34.785053 36.05551 31.04835 25.079872 18.248287 64.62198 23.194826 25.0 76.00658 41.773197 38.118237 17.029387 30.232433 75.23962 74.24284 13.453624 35.383614 21.931713 10.0 45.80393 77.82673 35.468296 67.11929 56.88585 58.728188 55.00909 27.45906 24.083189 15.264338 61.13101 32.89377 66.910385 19.79899 32.06244 15.0 77.41447 36.878178
8.246211 30.0 29.832869 43.289722 41.01219 18.788294 69.46222 31.764761 38.078865 39.824615 7.071068 76.05919 35.128338 22.135944 41.0 72.11102 77.00649 14.56022 12.649111 7.28011 63.788715 34.0 0.0 57.428215 77.10383 33.30165 22.022715 43.011627 19.235384 80.529495 77.02597 9.219544 22.135944 77.82673 13.416408 18.681541 63.560993 64.14047 42.72002 76.321686 11.045361 48.166378 8.944272 9.219544 41.14608 60.827625 11.401754 36.124783 82.85529 48.548943 5.0 38.910152 19.235384 69.115845 84.118965 26.925823 27.856777 32.01562 24.0 27.166155 69.02898 13.038404 61.294373 60.926186 43.416588 49.819675 39.623226 25.455845 43.965897 71.867935 11.401754 69.89278 24.41311 2.828427 37.161808 87.70975 8.246211
65.62012 27.89265 36.05551 18.439089 67.23094 50.01 28.160255 46.957428 77.25283 80.99383 57.72348 30.675724 60.827625 79.24645 17.117243 18.601076 20.880613 44.38468 69.065186 55.0 9.433981 63.07139 57.428215 0.0 22.825424 35.341194 57.974133 17.088007 39.293766 31.38471 20.615528 66.189125 78.0 31.38471 46.840153 39.051247 8.602325 26.076809 79.20227 23.600847 68.26419 32.649654 65.06919 59.03389 49.20366 4.2426405 54.147945 38.587563 32.202484 24.839485 55.108982 79.12016 74.02702 12.369317 37.12142 50.32892 31.144823 41.14608 59.48109 31.622776 15.0 70.256676 4.1231055 17.029387 19.104973 8.246211 37.202152 75.802376 56.22277 31.257 68.117546 18.35756 44.922153 59.211487 76.896034 40.311287 65.62012
85.02353 47.169907 58.694122 34.0147 90.04999 72.12489 42.544094 69.77106 99.92497 103.6195 76.05919 41.231056 83.64807 98.045906 39.217342 5.0 5.0 63.0 89.358826 75.802376 24.207438 85.86617 77.10383 22.825424 0.0 58.137768 80.32434 39.812057 58.00862 38.209946 6.0 86.209045 98.61542 40.792156 65.03076 59.682495 23.43075 43.046486 101.98039 3.1622777 88.14193 54.56189 85.37564 80.06248 71.84706 22.022715 75.50497 61.400326 37.01351 46.8615 74.0 101.76935 94.89468 11.313708 44.102154 73.00685 52.886673 63.953106 81.9329 50.01 8.246211 90.13878 18.867962 35.0 34.058773 30.870699 59.908264 97.5141 78.81624 44.94441 88.27797 29.15476 67.41662 79.22752 99.53894 46.0 85.02353
40.804413 22.561028 3.6055512 32.449963 32.202484 17.720045 37.336308 11.661903 42.059483 45.88028 37.64306 44.27189 25.553865 54.378304 19.849434 53.712196 56.0803 28.231188 41.14608 27.45906 37.65634 27.730848 33.30165 35.341194 58.137768 0.0 24.0 18.35756 25.70992 49.47727 55.713554 39.446167 48.38388 46.173584 30.870699 18.384777 37.85499 31.95309 43.863426 58.66856 41.677334 14.866069 37.589893 29.966648 16.552946 37.0 24.596748 5.0990195 52.17279 16.492422 34.058773 43.965897 43.965897 47.539455 52.201534 15.297058 12.0415945 5.8309517 25.079872 25.079872 50.119858 43.416588 39.39543 31.06445 33.286633 27.294687 7.28011 43.185646 23.323807 39.39543 40.706264 41.01219 11.18034 33.600594 41.761227 55.713554 40.804413
25.632011 36.40055 22.203604 49.92995 19.104973 8.602325 60.41523 15.231546 20.615528 23.853722 29.0 67.46851 13.152946 36.40055 41.109608 75.61085 78.84795 29.068884 22.203604 15.033297 61.400326 12.0415945 22.022715 57.974133 80.32434 24.0 0.0 41.0 30.805843 72.99315 78.58753 22.36068 26.627054 69.426216 30.083218 24.04163 61.522354 55.108982 24.083189 80.411446 24.186773 36.40055 20.12461 13.341664 22.671568 60.207973 11.18034 23.537205 75.802376 40.1995 26.076809 22.203604 22.203604 70.34202 75.18643 9.486833 27.730848 19.235384 2.236068 36.069378 72.11102 25.23886 62.0967 55.03635 50.47772 49.729267 26.925823 19.416489 23.323807 62.0967 22.472204 65.00769 13.152946 20.22375 20.0 78.58753 25.632011
51.24451 17.029387 18.973665 18.110771 50.47772 33.24154 29.068884 30.016663 60.166435 63.90618 44.72136 34.713108 43.908997 65.14599 4.1231055 35.35534 37.94733 31.906113 53.75872 39.45884 21.095022 46.06517 43.011627 17.088007 39.812057 18.35756 41.0 0.0 27.202942 38.27532 37.64306 51.1957 62.289646 36.23534 34.669872 24.351591 21.023796 24.41311 62.169125 40.311287 53.366657 19.646883 49.819675 43.185646 33.24154 19.235384 38.052597 22.022715 40.311287 13.0 41.62932 62.03225 58.137768 29.410883 42.638012 33.24154 15.297058 24.186773 42.44997 21.260292 31.764761 55.31727 21.189621 18.601076 19.104973 8.944272 21.260292 59.211487 40.311287 32.01562 52.95281 26.925823 27.89265 44.38468 59.808025 46.227695 51.24451
27.018513 11.401754 22.36068 24.083189 48.332184 22.825424 55.9017 31.257 50.990196 53.740116 18.439089 61.846584 41.231056 40.1995 24.186773 53.009434 58.137768 5.0990195 31.780497 19.723083 46.615448 41.59327 19.235384 39.293766 58.00862 25.70992 30.805843 27.202942 0.0 65.459915 58.21512 28.442924 41.231056 63.411354 7.615773 8.062258 46.238514 50.91169 54.81788 57.14018 30.265491 38.910152 27.89265 24.186773 40.012497 43.011627 21.260292 30.413813 67.41662 36.40055 16.03122 52.34501 37.94733 50.48762 69.81404 29.410883 14.764823 28.01785 33.01515 8.0 50.01 32.24903 42.953465 45.80393 24.186773 32.31099 32.984844 42.544094 45.39824 58.694122 30.594116 53.712196 23.537205 21.587032 50.24938 73.409805 27.018513
88.63972 54.81788 52.201534 49.20366 74.330345 67.18631 13.038404 58.30952 88.005684 92.00543 82.85529 6.3245554 70.00714 102.55243 41.400482 38.013157 33.24154 70.178345 90.13878 75.96052 21.954498 73.0 80.529495 31.38471 38.209946 49.47727 72.99315 38.27532 65.459915 0.0 32.24903 88.02273 97.80082 4.472136 72.94518 62.177166 22.825424 18.027756 88.20431 41.109608 90.24966 37.054016 86.37708 79.05694 55.081757 27.294687 73.68175 49.497475 3.1622777 32.984844 79.64923 90.005554 93.40771 30.265491 6.0827627 63.63961 52.773098 53.75872 73.68175 59.03389 36.221542 92.11406 30.463093 19.723083 50.0 34.655445 46.270943 92.39589 60.530983 12.649111 89.537704 13.038404 60.63827 81.5414 88.0 8.944272 88.63972
85.09406 47.042534 56.61272 34.713108 87.20665 70.61161 37.12142 67.23094 97.73945 101.51354 76.53104 35.44009 81.02469 98.4124 37.65634 7.81025 1.0 63.28507 89.02247 75.16648 19.849434 83.38465 77.02597 20.615528 6.0 55.713554 78.58753 37.64306 58.21512 32.24903 0.0 86.0 98.12747 34.928497 65.490456 59.07622 19.209373 38.013157 99.53894 9.055386 88.005684 50.803543 85.02353 79.30952 68.60029 18.788294 74.54529 58.60034 31.016125 43.266617 74.24284 99.62429 94.26028 8.246211 38.118237 70.837845 51.62364 61.46544 80.08121 50.24938 8.944272 90.005554 16.492422 30.413813 34.928497 28.86174 56.82429 96.337944 75.47185 39.39543 88.005684 23.70654 65.52099 79.0 97.406364 40.0 85.09406
4.1231055 39.051247 36.23534 52.46904 39.812057 22.671568 76.48529 35.383614 33.54102 34.48188 13.453624 83.25864 35.1141 15.0 49.497475 81.22192 86.00581 23.769728 3.6055512 12.083046 72.18033 33.24154 9.219544 66.189125 86.209045 39.446167 22.36068 51.1957 28.442924 88.02273 86.0 0.0 13.0 85.08819 22.472204 27.166155 72.00694 71.11259 38.470768 85.47514 2.236068 54.08327 2.236068 9.899495 44.20407 69.46222 15.0 41.400482 90.47652 55.461697 13.416408 33.955853 10.630146 78.025635 91.28527 29.832869 35.902645 37.01351 23.769728 36.345562 78.10249 4.1231055 70.11419 68.622154 52.611786 58.420887 45.0 18.35756 45.65085 78.714676 2.236068 77.88453 29.206163 7.0 32.55764 94.847244 4.1231055
15.811388 51.47815 45.607018 65.11528 39.446167 30.675724 85.70297 41.677334 28.635643 28.071337 26.076809 92.65527 36.878178 14.0 61.03278 93.64828 98.1835 36.687874 9.486833 23.0 83.38465 34.20526 22.135944 78.0 98.61542 48.38388 26.627054 62.289646 41.231056 97.80082 98.12747 13.0 0.0 94.55686 35.468296 39.051247 83.294655 80.32434 33.54102 98.005104 11.661903 62.241467 13.341664 19.104973 49.20366 81.055534 24.33105 49.24429 100.4241 64.84597 26.400757 28.284271 4.472136 90.04999 100.56838 35.846897 47.095646 44.777225 27.018513 49.0306 90.44888 10.0 82.006096 78.854294 65.30697 70.028564 52.801514 11.401754 48.79549 87.66413 10.770329 88.45903 37.336308 19.646883 27.658634 104.062485 15.811388
85.86617 53.075417 49.0408 48.548943 70.178345 63.89053 9.055386 54.589375 84.00595 88.005684 80.454956 2.0 66.007576 99.744675 39.623226 40.112343 35.902645 68.007355 87.0919 73.00685 22.135944 69.02898 77.82673 31.38471 40.792156 46.173584 69.426216 36.23534 63.411354 4.472136 34.928497 85.08819 94.55686 0.0 70.80254 59.682495 23.086792 14.3178215 84.095184 43.56604 87.32124 33.24154 83.38465 75.96052 51.009804 27.513634 70.5762 45.891174 7.615773 29.732138 77.175125 86.00581 90.13878 32.0 6.4031243 60.016663 50.24938 50.219517 70.035706 57.31492 38.0 89.157166 31.04835 17.691807 49.396355 33.600594 42.579338 88.84256 56.32051 8.246211 86.53901 13.341664 57.280014 78.72102 84.0238 10.0 85.86617
20.396078 18.973665 27.313 31.016125 48.76474 23.345236 63.126858 34.132095 49.09175 51.40039 11.045361 69.2026 41.976185 33.01515 31.764761 60.033325 65.37584 2.828427 26.0 16.40122 54.230988 41.761227 13.416408 46.840153 65.03076 30.870699 30.083218 34.669872 7.615773 72.94518 65.490456 22.472204 35.468296 70.80254 0.0 12.529964 53.851646 58.0517 53.338543 64.00781 24.04163 44.94441 22.36068 20.518284 43.416588 50.596443 19.235384 35.1141 74.94665 43.185646 9.219544 50.219517 32.649654 57.870544 77.201035 31.06445 21.260292 32.01562 32.31099 15.297058 57.14018 25.96151 50.447994 53.25411 31.0 39.92493 38.078865 38.418747 48.010414 65.8559 24.698177 61.294373 26.076809 16.124516 48.259712 80.80223 20.396078
26.925823 13.0 14.866069 26.925823 40.706264 15.6205 51.613953 23.194826 44.598206 47.63402 20.808653 57.982758 33.54102 40.804413 22.36068 54.74486 59.135437 9.848858 30.016663 16.124516 45.122055 34.132095 18.681541 39.051247 59.682495 18.384777 24.04163 24.351591 8.062258 62.177166 59.07622 27.166155 39.051247 59.682495 12.529964 0.0 44.911022 46.400433 48.104053 59.22837 29.274563 32.449963 26.019224 20.396078 32.0 42.296574 16.155495 22.803509 64.40497 31.144823 17.492855 46.09772 35.22783 51.009804 66.037865 21.540659 9.433981 20.09975 26.172504 12.0415945 51.47815 31.257 43.011627 42.48529 27.313 31.257 25.632011 38.27532 37.336308 54.20332 29.068884 51.264023 15.524175 20.22375 43.931767 69.641945 26.925823
71.80529 34.928497 39.319206 26.870058 68.54196 54.08327 21.095022 49.0408 79.81228 83.677956 64.513565 22.561028 62.625874 85.61542 22.561028 20.59126 19.849434 51.264023 74.672615 60.40695 1.0 65.14599 63.560993 8.602325 23.43075 37.85499 61.522354 21.023796 46.238514 22.825424 19.209373 72.00694 83.294655 23.086792 53.851646 44.911022 0.0 20.248457 81.27115 25.23886 74.1485 31.622776 70.71068 64.195015 49.648766 4.472136 59.07622 40.16217 23.600847 24.186773 61.68468 81.7435 79.15807 12.206555 28.635643 53.15073 36.221542 43.416588 62.801273 38.910152 17.464249 76.11833 8.062258 11.661903 27.58623 13.928389 38.078865 80.09994 56.435802 24.020824 73.82411 9.848858 48.373547 65.11528 79.555016 31.764761 71.80529
72.06941 41.400482 34.928497 39.849716 56.568542 49.648766 5.3851647 40.311287 70.028564 74.02702 67.20119 12.369317 52.03845 85.883644 28.301943 40.718548 38.832977 55.226807 73.00685 59.03389 19.313208 55.00909 64.14047 26.076809 43.046486 31.95309 55.108982 24.41311 50.91169 18.027756 38.013157 71.11259 80.32434 14.3178215 58.0517 46.400433 20.248457 0.0 70.34913 45.17743 73.34848 19.026299 69.354164 61.846584 37.215588 23.537205 56.462376 31.575306 21.0 15.652476 63.82006 72.02777 75.89466 32.202484 20.248457 45.705578 37.01351 35.902645 55.7315 45.607018 37.696156 75.153175 27.658634 9.055386 40.804413 24.738634 28.284271 74.52516 42.953465 7.81025 72.498276 14.866069 43.011627 64.884514 70.00714 23.769728 72.06941
42.579338 60.207973 43.416588 73.409805 14.035668 32.526913 75.16648 32.31099 5.0 6.4031243 49.648766 82.0975 18.681541 47.38143 63.134777 97.49359 99.92497 52.69725 36.124783 37.12142 80.95678 16.155495 42.72002 79.20227 101.98039 43.863426 24.083189 62.169125 54.81788 88.20431 99.53894 38.470768 33.54102 84.095184 53.338543 48.104053 81.27115 70.34913 0.0 102.4207 39.20459 51.62364 36.67424 33.61547 33.13608 80.77747 34.132095 41.109608 91.26884 57.72348 47.539455 5.3851647 31.06445 91.389275 89.0 29.15476 50.803543 38.078865 21.931713 60.108234 93.914856 39.051247 83.25864 72.780495 74.02702 71.11259 43.416588 22.203604 28.071337 76.02631 37.215588 82.764725 35.22783 40.16217 6.0 92.021736 42.579338
84.14868 46.52956 59.03389 33.06055 90.73588 72.11102 44.94441 70.327805 100.22475 103.87011 75.0 43.931767 84.21995 97.0 39.39543 5.0 8.062258 62.072536 88.68484 75.31268 26.076809 86.35392 76.321686 23.600847 3.1622777 58.66856 80.411446 40.311287 57.14018 41.109608 9.055386 85.47514 98.005104 43.56604 64.00781 59.22837 25.23886 45.17743 102.4207 0.0 87.36704 55.86591 84.71718 79.624115 72.8011 23.345236 75.18643 62.1289 40.0 48.104053 73.061615 102.044106 94.36631 13.038404 47.042534 73.34848 52.810986 64.49806 82.07923 49.162994 8.602325 89.358826 19.849434 36.891735 33.01515 31.38471 60.80296 97.26767 79.81228 47.434166 87.57283 31.622776 67.62396 78.51752 99.80982 49.010204 84.14868
4.2426405 41.01219 38.470768 54.33231 41.231056 24.839485 78.72102 37.48333 34.234486 34.928497 14.422205 85.49269 36.769554 12.806249 51.62364 83.15047 88.0 25.495098 3.1622777 14.3178215 74.330345 34.785053 11.045361 68.26419 88.14193 41.677334 24.186773 53.366657 30.265491 90.24966 88.005684 2.236068 11.661903 87.32124 24.04163 29.274563 74.1485 73.34848 39.20459 87.36704 0.0 56.302753 4.2426405 12.0415945 46.227695 71.568146 17.20465 43.60046 92.69843 57.697487 14.866069 34.525352 10.0 80.05623 93.52005 31.890438 38.078865 39.20459 25.495098 38.209946 80.05623 2.0 72.1734 70.837845 54.451813 60.530983 47.201694 18.384777 47.507893 80.9506 2.0 80.08121 31.400637 9.055386 33.24154 97.082436 4.2426405
55.605755 32.55764 18.384777 37.65634 38.078865 31.764761 24.186773 21.377558 51.088158 55.081757 52.40229 31.257 33.13608 69.065186 23.345236 50.91169 51.40039 42.190044 55.569775 42.201897 31.06445 36.05551 48.166378 32.649654 54.56189 14.866069 36.40055 19.646883 38.910152 37.054016 50.803543 54.08327 62.241467 33.24154 44.94441 32.449963 31.622776 19.026299 51.62364 55.86591 56.302753 0.0 52.153618 44.418465 18.681541 32.55764 39.115215 13.0 40.012497 7.81025 48.83646 53.08484 57.77543 43.27817 38.832977 26.925823 24.166092 17.464249 36.878178 36.138622 47.38143 57.982758 36.069378 21.540659 38.63936 26.41969 9.486833 55.7853 25.079872 25.70992 55.226807 31.320919 25.059929 48.414875 51.0392 42.201897 55.605755
6.0 38.209946 34.43835 51.78803 37.65634 20.615528 74.73286 33.24154 31.780497 32.89377 14.21267 81.5414 32.89377 17.029387 48.259712 80.399 85.052925 23.409399 4.0 10.440307 70.85902 31.04835 8.944272 65.06919 85.37564 37.589893 20.12461 49.819675 27.89265 86.37708 85.02353 2.236068 13.341664 83.38465 22.36068 26.019224 70.71068 69.354164 36.67424 84.71718 4.2426405 52.153618 0.0 7.81025 42.0119 68.26419 13.038404 39.40812 88.86507 53.712196 13.601471 32.280025 10.29563 77.0 89.55445 27.658634 34.525352 35.0 21.540659 35.69314 77.23341 5.8309517 69.02898 67.052216 51.971146 57.21888 43.011627 17.20465 43.416588 76.922035 3.1622777 76.40026 27.202942 6.3245554 30.805843 93.10747 6.0
12.529964 33.24154 26.925823 47.127487 32.01562 12.806249 67.23094 25.495098 29.068884 31.06445 16.27882 74.094536 26.476404 24.839485 42.0 75.13322 79.40403 20.615528 11.18034 4.472136 64.28063 25.079872 9.219544 59.03389 80.06248 29.966648 13.341664 43.185646 24.186773 79.05694 79.30952 9.899495 19.104973 75.96052 20.518284 20.396078 64.195015 61.846584 33.61547 79.624115 12.0415945 44.418465 7.81025 0.0 34.4093 62.008064 5.3851647 31.622776 81.608826 46.238514 13.928389 30.016663 15.0 71.17584 82.07923 20.0 28.01785 27.202942 15.132746 31.38471 71.84706 13.601471 63.07139 59.908264 47.434166 51.0 35.22783 18.35756 36.249138 69.354164 10.816654 69.426216 19.416489 7.0 28.178005 85.61542 12.529964
46.872166 38.8973 18.681541 48.8774 19.416489 22.36068 42.047592 9.486833 33.06055 37.054016 47.169907 49.010204 15.132746 58.796257 35.608986 67.80118 69.115845 41.19466 44.598206 34.0 49.193497 18.248287 41.14608 49.20366 71.84706 16.552946 22.671568 33.24154 40.012497 55.081757 68.60029 44.20407 49.20366 51.009804 43.416588 32.0 49.648766 37.215588 33.13608 72.8011 46.227695 18.681541 42.0119 34.4093 0.0 49.92995 30.016663 11.661903 58.137768 25.495098 43.65776 35.057095 44.82187 60.74537 56.0803 14.422205 28.160255 12.165525 22.203604 41.0 64.202805 47.507893 53.009434 40.16217 49.73932 41.773197 12.0415945 40.706264 7.071068 43.011627 44.687805 50.0 17.464249 40.311287 33.13608 59.211487 46.872166
69.050705 31.622776 38.078865 22.671568 68.42514 52.46904 25.0 48.466484 79.05694 82.86133 61.400326 26.925823 62.241467 82.764725 20.024984 18.439089 19.235384 48.08326 72.249565 58.077534 5.3851647 64.62198 60.827625 4.2426405 22.022715 37.0 60.207973 19.235384 43.011627 27.294687 18.788294 69.46222 81.055534 27.513634 50.596443 42.296574 4.472136 23.537205 80.77747 23.345236 71.568146 32.55764 68.26419 62.008064 49.92995 0.0 57.00877 39.812057 28.01785 24.839485 58.694122 80.95678 77.00649 10.816654 33.105892 52.201534 34.0 42.72002 61.611687 35.468296 15.0 73.552704 4.1231055 14.56022 23.345236 11.045361 38.078865 78.40918 56.859474 28.01785 71.34424 14.3178215 47.07441 62.514 78.74643 36.23534 69.050705
17.029387 29.15476 21.540659 43.081318 30.265491 7.81025 61.846584 20.808653 30.0 32.55764 18.110771 68.70953 24.0 30.0 37.054016 70.61161 74.672615 18.601076 16.552946 4.1231055 59.135437 23.194826 11.401754 54.147945 75.50497 24.596748 11.18034 38.052597 21.260292 73.68175 74.54529 15.0 24.33105 70.5762 19.235384 16.155495 59.07622 56.462376 34.132095 75.18643 17.20465 39.115215 13.038404 5.3851647 30.016663 57.00877 0.0 26.400757 76.243034 40.853397 15.0 31.241 20.09975 66.37017 76.6942 15.652476 23.021729 22.022715 13.341664 27.784887 67.26812 18.867962 58.21512 54.571056 43.462627 46.043457 30.0 22.135944 32.572994 63.97656 16.124516 64.132675 14.21267 10.29563 29.206163 80.23092 17.029387
43.185646 27.658634 8.062258 37.215588 28.653097 18.867962 36.878178 9.055386 39.812057 43.737854 41.04875 43.931767 22.472204 56.400356 24.083189 57.14018 59.03389 32.572994 42.72002 29.732138 39.849716 25.0 36.124783 38.587563 61.400326 5.0990195 23.537205 22.022715 30.413813 49.497475 58.60034 41.400482 49.24429 45.891174 35.1141 22.803509 40.16217 31.575306 41.109608 62.1289 43.60046 13.0 39.40812 31.622776 11.661903 39.812057 26.400757 0.0 52.34501 17.029387 37.44329 41.773197 44.777225 50.537113 51.662365 14.142136 17.117243 4.472136 24.186773 30.149628 53.535034 45.221676 42.544094 32.140316 38.078865 30.805843 3.6055512 42.953465 18.601076 38.600517 42.43819 42.190044 12.206555 36.069378 39.623226 55.081757 43.185646
91.0 56.61272 54.81788 50.32892 77.41447 69.856995 16.124516 61.204575 91.02197 95.02105 85.0 9.486833 73.02739 104.92378 43.266617 37.215588 32.01562 72.20111 92.65527 78.434685 22.803509 76.00658 82.85529 32.202484 37.01351 52.17279 75.802376 40.311287 67.41662 3.1622777 31.016125 90.47652 100.4241 7.615773 74.94665 64.40497 23.600847 21.0 91.26884 40.0 92.69843 40.012497 88.86507 81.608826 58.137768 28.01785 76.243034 52.34501 0.0 35.69314 81.84131 93.0215 96.04687 29.832869 7.28011 66.48308 55.03635 56.568542 76.53104 60.80296 35.69314 94.57801 30.88689 21.931713 51.088158 36.124783 49.162994 95.189285 63.63961 15.811388 92.02717 14.142136 63.348244 83.9345 91.00549 9.055386 91.0
56.435802 28.231188 19.313208 31.06445 44.598206 34.20526 21.023796 26.076809 56.718605 60.671246 51.855568 27.856777 39.051247 70.23532 17.029387 43.13931 43.829212 40.36087 57.384666 43.382023 23.70654 41.773197 48.548943 24.839485 46.8615 16.492422 40.1995 13.0 36.40055 32.984844 43.266617 55.461697 64.84597 29.732138 43.185646 31.144823 24.186773 15.652476 57.72348 48.104053 57.697487 7.81025 53.712196 46.238514 25.495098 24.839485 40.853397 17.029387 35.69314 0.0 48.414875 58.694122 60.440052 35.608986 35.846897 31.016125 21.931713 21.023796 41.04875 32.202484 39.59798 59.5063 28.284271 15.132746 32.06244 18.788294 14.3178215 59.5399 32.24903 23.323807 56.859474 25.179358 27.658634 49.24429 56.568542 39.39543 56.435802
11.18034 27.294687 30.479502 40.012497 45.17743 21.587032 69.065186 34.176014 42.953465 44.777225 3.6055512 75.47185 39.0 24.186773 39.217342 69.0 74.168724 11.0 17.0 11.045361 61.983868 38.118237 5.0 55.108982 74.0 34.058773 26.076809 41.62932 16.03122 79.64923 74.24284 13.416408 26.400757 77.175125 9.219544 17.492855 61.68468 63.82006 47.539455 73.061615 14.866069 48.83646 13.601471 13.928389 43.65776 58.694122 15.0 37.44329 81.84131 48.414875 0.0 43.829212 23.853722 66.48308 83.528435 29.832869 26.925823 33.61547 28.160255 24.020824 66.0303 16.763054 58.855755 59.94164 40.04997 47.801674 40.804413 30.413813 47.07441 71.610054 15.652476 68.54196 26.400757 7.81025 42.047592 87.13208 11.18034
38.078865 58.60034 43.081318 72.11102 17.088007 30.805843 77.0 32.75668 2.0 2.0 45.694637 84.00595 20.0 42.190044 62.649822 97.16995 99.95999 49.819675 31.400637 33.83785 81.49233 17.029387 38.910152 79.12016 101.76935 43.965897 22.203604 62.03225 52.34501 90.005554 99.62429 33.955853 28.284271 86.00581 50.219517 46.09772 81.7435 72.02777 5.3851647 102.044106 34.525352 53.08484 32.280025 30.016663 35.057095 80.95678 31.241 41.773197 93.0215 58.694122 43.829212 0.0 26.0 91.416626 91.13726 28.79236 49.73932 38.327538 20.248457 58.137768 93.62158 34.234486 83.21658 73.82411 72.67049 70.93659 44.407207 17.029387 30.805843 78.05767 32.55764 83.86298 34.43835 36.249138 2.236068 94.26028 38.078865
14.21267 47.853943 41.231056 61.611687 35.77709 26.24881 81.27115 37.215588 26.076809 26.076809 24.083189 88.23265 32.80244 16.492422 57.0 89.94443 94.33981 33.61547 7.071068 19.104973 79.22752 30.232433 19.235384 74.02702 94.89468 43.965897 22.203604 58.137768 37.94733 93.40771 94.26028 10.630146 4.472136 90.13878 32.649654 35.22783 79.15807 75.89466 31.06445 94.36631 10.0 57.77543 10.29563 15.0 44.82187 77.00649 20.09975 44.777225 96.04687 60.440052 23.853722 26.0 0.0 86.145226 96.13532 31.38471 43.011627 40.311287 22.671568 45.607018 86.70064 8.944272 78.05767 74.52516 61.846584 66.0 48.332184 9.055386 44.598206 83.21658 8.485281 84.17244 32.89377 16.552946 25.079872 99.62429 14.21267
77.23341 39.20459 48.38388 27.513634 79.17702 62.369865 32.280025 59.093147 89.537704 93.30059 68.88396 32.06244 72.91776 90.66973 29.427877 8.5440035 8.5440035 55.578773 81.0 67.06713 13.038404 75.23962 69.115845 12.369317 11.313708 47.539455 70.34202 29.410883 50.48762 30.265491 8.246211 78.025635 90.04999 32.0 57.870544 51.009804 12.206555 32.202484 91.389275 13.038404 80.05623 43.27817 77.0 71.17584 60.74537 10.816654 66.37017 50.537113 29.832869 35.608986 66.48308 91.416626 86.145226 0.0 36.345562 62.625874 43.416588 53.310413 71.8401 42.579338 6.0 82.05486 8.246211 23.853722 27.856777 20.615528 48.8774 88.11924 67.6757 34.928497 80.00625 19.235384 57.280014 71.02816 89.19641 38.832977 77.23341
92.13034 59.464275 55.154327 54.644306 75.00667 69.89278 14.866069 60.207973 89.140335 93.13431 86.821655 8.062258 71.17584 105.99056 46.010868 44.04543 39.115215 74.404305 93.230896 79.20227 27.730848 74.24284 84.118965 37.12142 44.102154 52.201534 75.18643 42.638012 69.81404 6.0827627 38.118237 91.28527 100.56838 6.4031243 77.201035 66.037865 28.635643 20.248457 89.0 47.042534 93.52005 38.832977 89.55445 82.07923 56.0803 33.105892 76.6942 51.662365 7.28011 35.846897 83.528435 91.13726 96.13532 36.345562 0.0 65.734314 56.603886 56.044624 75.70998 63.702435 42.296574 95.34149 36.40055 24.083189 55.470715 39.824615 48.270073 94.59387 61.03278 13.152946 92.70383 18.788294 63.245552 84.97058 89.20202 3.6055512 92.13034
32.449963 32.01562 14.3178215 44.598206 19.416489 8.246211 50.990196 5.8309517 26.925823 30.675724 33.24154 58.0517 12.206555 44.553337 34.0 68.44706 71.168816 29.274563 30.413813 19.697716 52.95281 13.453624 26.925823 50.32892 73.00685 15.297058 9.486833 33.24154 29.410883 63.63961 70.837845 29.832869 35.846897 60.016663 31.06445 21.540659 53.15073 45.705578 29.15476 73.34848 31.890438 26.925823 27.658634 20.0 14.422205 52.201534 15.652476 14.142136 66.48308 31.016125 29.832869 28.79236 31.38471 62.625874 65.734314 0.0 21.931713 10.0 10.049875 32.75668 64.884514 33.24154 54.42426 46.010868 45.276924 42.154476 17.464249 28.86174 17.262676 52.63079 30.413813 56.0357 6.4031243 25.942244 26.57066 69.12308 32.449963
36.05551 10.770329 9.486833 22.671568 41.109608 19.313208 42.201897 21.095022 48.02083 51.47815 30.232433 48.548943 33.970577 49.979996 14.035668 48.08326 51.78803 18.439089 38.470768 24.186773 36.345562 35.383614 27.856777 31.144823 52.886673 12.0415945 27.730848 15.297058 14.764823 52.773098 51.62364 35.902645 47.095646 50.24938 21.260292 9.433981 36.221542 37.01351 50.803543 52.810986 38.078865 24.166092 34.525352 28.01785 28.160255 34.0 23.021729 17.117243 55.03635 21.931713 26.925823 49.73932 43.011627 43.416588 56.603886 21.931713 0.0 16.155495 29.529646 13.038404 44.64303 40.024994 35.22783 33.105892 23.345236 23.021729 19.026299 44.72136 34.539833 44.82187 37.65634 42.059483 15.6205 29.12044 47.507893 60.207973 36.05551
38.8973 26.925823 6.708204 37.802116 26.400757 14.422205 41.231056 5.8309517 36.40055 40.261642 37.215588 48.270073 19.723083 52.009613 25.612497 59.5399 61.846584 29.614185 38.27532 25.455845 43.174065 21.931713 32.01562 41.14608 63.953106 5.8309517 19.235384 24.186773 28.01785 53.75872 61.46544 37.01351 44.777225 50.219517 32.01562 20.09975 43.416588 35.902645 38.078865 64.49806 39.20459 17.464249 35.0 27.202942 12.165525 42.72002 22.022715 4.472136 56.568542 21.023796 33.61547 38.327538 40.311287 53.310413 56.044624 10.0 16.155495 0.0 20.024984 28.86174 55.946404 40.804413 45.188496 36.013885 38.600517 33.12099 8.062258 38.63936 18.384777 43.011627 38.013157 46.043457 7.81025 31.827662 36.138622 59.48109 38.8973
27.202942 38.418747 23.537205 51.86521 17.029387 10.630146 61.0 15.524175 18.601076 21.954498 31.016125 68.06615 11.401754 37.44329 42.72002 77.25283 80.36168 31.304953 23.323807 17.117243 62.649822 10.0 24.0 59.48109 81.9329 25.079872 2.236068 42.44997 33.01515 73.68175 80.08121 23.769728 27.018513 70.035706 32.31099 26.172504 62.801273 55.7315 21.931713 82.07923 25.495098 36.878178 21.540659 15.132746 22.203604 61.611687 13.341664 24.186773 76.53104 41.04875 28.160255 20.248457 22.671568 71.8401 75.70998 10.049875 29.529646 20.024984 0.0 38.183765 73.736015 26.41969 63.600315 56.0 52.43091 51.24451 27.45906 18.973665 22.203604 62.58594 23.70654 66.007576 14.56022 22.090721 18.027756 79.07591 27.202942
35.014282 4.2426405 22.36068 16.124516 52.153618 27.58623 50.32892 33.24154 56.63921 59.665737 26.305893 55.86591 44.94441 48.166378 17.691807 45.01111 50.159744 13.038404 39.623226 26.925823 39.357338 45.80393 27.166155 31.622776 50.01 25.079872 36.069378 21.260292 8.0 59.03389 50.24938 36.345562 49.0306 57.31492 15.297058 12.0415945 38.910152 45.607018 60.108234 49.162994 38.209946 36.138622 35.69314 31.38471 41.0 35.468296 27.784887 30.149628 60.80296 32.202484 24.020824 58.137768 45.607018 42.579338 63.702435 32.75668 13.038404 28.86174 38.183765 0.0 42.0119 40.1995 35.17101 39.623226 16.27882 25.059929 32.0 49.658836 47.127487 53.263496 38.470768 46.872166 26.41969 29.427877 55.97321 67.26812 35.014282
77.0 39.051247 50.566788 26.172504 82.1523 63.89053 38.078865 61.77378 91.787796 95.462036 68.18358 38.052597 75.66373 90.13878 31.016125 3.6055512 8.5440035 55.03635 81.22192 67.601776 18.384777 77.82673 69.02898 15.0 8.246211 50.119858 72.11102 31.764761 50.01 36.221542 8.944272 78.10249 90.44888 38.0 57.14018 51.47815 17.464249 37.696156 93.914856 8.602325 80.05623 47.38143 77.23341 71.84706 64.202805 15.0 67.26812 53.535034 35.69314 39.59798 66.0303 93.62158 86.70064 6.0 42.296574 64.884514 44.64303 55.946404 73.736015 42.0119 0.0 82.05486 11.313708 29.068884 26.305893 22.825424 52.201534 89.26926 71.21797 40.792156 80.1561 25.179358 59.236813 71.11259 91.389275 44.72136 77.0
5.8309517 43.011627 40.24922 56.32051 41.761227 26.400757 80.529495 38.8973 34.058773 34.525352 16.124516 87.32124 37.576588 11.313708 53.600372 85.146935 90.0 27.45906 3.1622777 16.155495 76.29548 35.468296 13.038404 70.256676 90.13878 43.416588 25.23886 55.31727 32.24903 92.11406 90.005554 4.1231055 10.0 89.157166 25.96151 31.257 76.11833 75.153175 39.051247 89.358826 2.0 57.982758 5.8309517 13.601471 47.507893 73.552704 18.867962 45.221676 94.57801 59.5063 16.763054 34.234486 8.944272 82.05486 95.34149 33.24154 40.024994 40.804413 26.41969 40.1995 82.05486 0.0 74.168724 72.73238 56.435802 62.514 48.82622 17.720045 48.548943 82.73451 2.828427 82.006096 33.01515 11.045361 33.06055 98.89894 5.8309517
69.46222 31.575306 40.16217 21.095022 71.19691 54.129475 29.017237 50.990196 81.34495 85.09406 61.39218 30.594116 64.84597 83.02409 21.213203 14.866069 16.763054 48.052055 73.02739 59.008472 9.055386 67.11929 61.294373 4.1231055 18.867962 39.39543 62.0967 21.189621 42.953465 30.463093 16.492422 70.11419 82.006096 31.04835 50.447994 43.011627 8.062258 27.658634 83.25864 19.849434 72.1734 36.069378 69.02898 63.07139 53.009434 4.1231055 58.21512 42.544094 30.88689 28.284271 58.855755 83.21658 78.05767 8.246211 36.40055 54.42426 35.22783 45.188496 63.600315 35.17101 11.313708 74.168724 0.0 18.681541 21.633308 12.369317 41.04875 79.9062 60.0 32.0 72.06247 17.720045 49.0408 63.126858 80.99383 39.39543 69.46222
69.079666 35.383614 33.37664 31.780497 59.48109 48.507732 11.7046995 41.19466 71.84706 75.802376 63.134777 16.27882 54.129475 83.00603 21.931713 32.24903 31.144823 50.47772 70.88018 56.61272 10.816654 56.88585 60.926186 17.029387 35.0 31.06445 55.03635 18.601076 45.80393 19.723083 30.413813 68.622154 78.854294 17.691807 53.25411 42.48529 11.661903 9.055386 72.780495 36.891735 70.837845 21.540659 67.052216 59.908264 40.16217 14.56022 54.571056 32.140316 21.931713 15.132746 59.94164 73.82411 74.52516 23.853722 24.083189 46.010868 33.105892 36.013885 56.0 39.623226 29.068884 72.73238 18.681541 0.0 32.695564 16.552946 29.427877 74.24284 46.615448 14.866069 70.21396 10.049875 42.190044 62.03225 71.70077 27.658634 69.079666
51.156624 14.3178215 32.01562 1.0 64.381676 41.880783 44.38468 44.04543 71.02816 74.330345 42.0119 48.373547 57.280014 64.00781 15.297058 29.068884 34.713108 29.068884 55.9017 43.011627 28.319605 58.728188 43.416588 19.104973 34.058773 33.286633 50.47772 19.104973 24.186773 50.0 34.928497 52.611786 65.30697 49.396355 31.0 27.313 27.58623 40.804413 74.02702 33.01515 54.451813 38.63936 51.971146 47.434166 49.73932 23.345236 43.462627 38.078865 51.088158 32.06244 40.04997 72.67049 61.846584 27.856777 55.470715 45.276924 23.345236 38.600517 52.43091 16.27882 26.305893 56.435802 21.633308 32.695564 0.0 16.155495 38.483765 65.551506 56.603886 47.539455 54.74486 37.01351 38.948685 45.705578 70.45566 58.821766 51.156624
58.0517 21.023796 27.856777 15.231546 59.36329 41.773197 28.231188 38.948685 69.079666 72.8011 50.596443 32.449963 52.83938 71.80529 9.0 26.41969 29.12044 37.336308 61.204575 47.042534 14.3178215 55.00909 49.819675 8.246211 30.870699 27.294687 49.729267 8.944272 32.31099 34.655445 28.86174 58.420887 70.028564 33.600594 39.92493 31.257 13.928389 24.738634 71.11259 31.38471 60.530983 26.41969 57.21888 51.0 41.773197 11.045361 46.043457 30.805843 36.124783 18.788294 47.801674 70.93659 66.0 20.615528 39.824615 42.154476 23.021729 33.12099 51.24451 25.059929 22.825424 62.514 12.369317 16.552946 16.155495 0.0 29.732138 67.601776 48.83646 31.38471 60.299255 22.022715 36.687874 51.47815 68.70953 43.27817 58.0517
46.75468 29.15476 10.770329 37.576588 30.463093 22.472204 33.54102 12.0415945 42.426407 46.389652 44.407207 40.60788 24.738634 60.0 23.853722 55.803226 57.306194 35.468296 46.32494 33.30165 37.696156 27.45906 39.623226 37.202152 59.908264 7.28011 26.925823 21.260292 32.984844 46.270943 56.82429 45.0 52.801514 42.579338 38.078865 25.632011 38.078865 28.284271 43.416588 60.80296 47.201694 9.486833 43.011627 35.22783 12.0415945 38.078865 30.0 3.6055512 49.162994 14.3178215 40.804413 44.407207 48.332184 48.8774 48.270073 17.464249 19.026299 8.062258 27.45906 32.0 52.201534 48.82622 41.04875 29.427877 38.483765 29.732138 0.0 46.32494 19.104973 35.17101 46.043457 39.45884 15.811388 39.623226 42.296574 51.662365 46.75468
22.36068 51.264023 41.01219 65.192024 28.600698 26.019224 79.83107 34.48188 17.262676 17.029387 31.400637 86.88498 27.018513 25.179358 58.694122 92.64988 96.50906 38.832977 15.231546 22.825424 80.05623 24.083189 25.455845 75.802376 97.5141 43.185646 19.416489 59.211487 42.544094 92.39589 96.337944 18.35756 11.401754 88.84256 38.418747 38.27532 80.09994 74.52516 22.203604 97.26767 18.384777 55.7853 17.20465 18.35756 40.706264 78.40918 22.135944 42.953465 95.189285 59.5399 30.413813 17.029387 9.055386 88.11924 94.59387 28.86174 44.72136 38.63936 18.973665 49.658836 89.26926 17.720045 79.9062 74.24284 65.551506 67.601776 46.32494 0.0 39.20459 81.49233 16.552946 84.14868 32.06244 22.627417 16.27882 97.984695 22.36068
48.754486 45.310043 25.079872 55.758408 14.035668 25.495098 47.518417 14.142136 28.86174 32.75668 50.447994 54.33231 12.206555 59.64059 42.638012 74.8131 76.00658 46.010868 45.486263 36.687874 55.946404 15.264338 43.965897 56.22277 78.81624 23.323807 23.323807 40.311287 45.39824 60.530983 75.47185 45.65085 48.79549 56.32051 48.010414 37.336308 56.435802 42.953465 28.071337 79.81228 47.507893 25.079872 43.416588 36.249138 7.071068 56.859474 32.572994 18.601076 63.63961 32.24903 47.07441 30.805843 44.598206 67.6757 61.03278 17.262676 34.539833 18.384777 22.203604 47.127487 71.21797 48.548943 60.0 46.615448 56.603886 48.83646 19.104973 39.20459 0.0 48.166378 45.79301 56.302753 22.022715 42.72002 29.12044 64.0 48.754486
79.755875 49.0408 42.48529 46.615448 62.072536 57.00877 3.1622777 47.07441 76.05919 80.05623 75.0 6.3245554 58.077534 93.53609 35.805027 43.416588 40.311287 63.03174 80.529495 66.64833 23.021729 61.13101 71.867935 31.257 44.94441 39.39543 62.0967 32.01562 58.694122 12.649111 39.39543 78.714676 87.66413 8.246211 65.8559 54.20332 24.020824 7.81025 76.02631 47.434166 80.9506 25.70992 76.922035 69.354164 43.011627 28.01785 63.97656 38.600517 15.811388 23.323807 71.610054 78.05767 83.21658 34.928497 13.152946 52.63079 44.82187 43.011627 62.58594 53.263496 40.792156 82.73451 32.0 14.866069 47.539455 31.38471 35.17101 81.49233 48.166378 0.0 80.05623 15.811388 50.32892 72.56032 76.105194 16.492422 79.755875
5.8309517 41.109608 37.576588 54.589375 39.293766 23.600847 77.87811 36.069378 32.24903 32.984844 15.6205 84.693565 34.928497 14.142136 51.351727 83.294655 88.02273 25.96151 1.4142135 13.601471 73.97973 32.89377 11.401754 68.117546 88.27797 40.706264 22.472204 52.95281 30.594116 89.537704 88.005684 2.236068 10.770329 86.53901 24.698177 29.068884 73.82411 72.498276 37.215588 87.57283 2.0 55.226807 3.1622777 10.816654 44.687805 71.34424 16.124516 42.43819 92.02717 56.859474 15.652476 32.55764 8.485281 80.00625 92.70383 30.413813 37.65634 38.013157 23.70654 38.470768 80.1561 2.828427 72.06247 70.21396 54.74486 60.299255 46.043457 16.552946 45.79301 80.05623 0.0 79.555016 30.232433 9.055386 31.257 96.25487 5.8309517
78.1089 42.72002 43.185646 36.23534 69.375786 58.30952 13.416408 51.24451 81.88406 85.84288 71.5891 13.038404 64.132675 92.02717 29.529646 27.658634 24.596748 58.59181 80.280754 65.96969 8.944272 66.910385 69.89278 18.35756 29.15476 41.01219 65.00769 26.925823 53.712196 13.038404 23.70654 77.88453 88.45903 13.341664 61.294373 51.264023 9.848858 14.866069 82.764725 31.622776 80.08121 31.320919 76.40026 69.426216 50.0 14.3178215 64.132675 42.190044 14.142136 25.179358 68.54196 83.86298 84.17244 19.235384 18.788294 56.0357 42.059483 46.043457 66.007576 46.872166 25.179358 82.006096 17.720045 10.049875 37.01351 22.022715 39.45884 84.14868 56.302753 15.811388 79.555016 0.0 52.086468 71.168816 81.7435 21.954498 78.1089
31.112698 25.612497 9.055386 38.28838 25.806976 6.708204 48.38388 8.062258 32.649654 36.249138 29.966648 55.362442 18.601076 44.20407 28.231188 62.76942 65.802734 24.0 30.528675 17.691807 48.259712 19.79899 24.41311 44.922153 67.41662 11.18034 13.152946 27.89265 23.537205 60.63827 65.52099 29.206163 37.336308 57.280014 26.076809 15.524175 48.373547 43.011627 35.22783 67.62396 31.400637 25.059929 27.202942 19.416489 17.464249 47.07441 14.21267 12.206555 63.348244 27.658634 26.400757 34.43835 32.89377 57.280014 63.245552 6.4031243 15.6205 7.81025 14.56022 26.41969 59.236813 33.01515 49.0408 42.190044 38.948685 36.687874 15.811388 32.06244 22.022715 50.32892 30.232433 52.086468 0.0 24.083189 32.202484 66.730804 31.112698
7.2111025 32.06244 30.232433 45.54119 39.012817 18.027756 70.23532 31.06445 35.468296 37.12142 9.486833 76.922035 33.37664 21.023796 42.579338 74.24284 79.00633 17.088007 10.198039 6.4031243 65.30697 32.06244 2.828427 59.211487 79.22752 33.600594 20.22375 44.38468 21.587032 81.5414 79.0 7.0 19.646883 78.72102 16.124516 20.22375 65.11528 64.884514 40.16217 78.51752 9.055386 48.414875 6.3245554 7.0 40.311287 62.514 10.29563 36.069378 83.9345 49.24429 7.81025 36.249138 16.552946 71.02816 84.97058 25.942244 29.12044 31.827662 22.090721 29.427877 71.11259 11.045361 63.126858 62.03225 45.705578 51.47815 39.623226 22.627417 42.72002 72.56032 9.055386 71.168816 24.083189 0.0 34.539833 88.54942 7.2111025
36.67424 56.400356 40.853397 69.89278 15.652476 28.600698 75.00667 30.594116 1.0 4.1231055 44.011364 82.02438 18.027756 41.4367 60.41523 94.93682 97.73945 47.801674 30.149628 31.906113 79.30952 15.0 37.161808 76.896034 99.53894 41.761227 20.0 59.808025 50.24938 88.0 97.406364 32.55764 27.658634 84.0238 48.259712 43.931767 79.555016 70.00714 6.0 99.80982 33.24154 51.0392 30.805843 28.178005 33.13608 78.74643 29.206163 39.623226 91.00549 56.568542 42.047592 2.236068 25.079872 89.19641 89.20202 26.57066 47.507893 36.138622 18.027756 55.97321 91.389275 33.06055 80.99383 71.70077 70.45566 68.70953 42.296574 16.27882 29.12044 76.105194 31.257 81.7435 32.202484 34.539833 0.0 92.34717 36.67424
95.71311 63.03174 58.694122 58.00862 78.00641 73.38937 18.384777 63.560993 92.26592 96.25487 90.426765 11.661903 74.330345 109.56733 49.57822 46.270943 41.0 78.00641 96.77293 82.764725 30.88689 77.41447 87.70975 40.311287 46.0 55.713554 78.58753 46.227695 73.409805 8.944272 40.0 94.847244 104.062485 10.0 80.80223 69.641945 31.764761 23.769728 92.021736 49.010204 97.082436 42.201897 93.10747 85.61542 59.211487 36.23534 80.23092 55.081757 9.055386 39.39543 87.13208 94.26028 99.62429 38.832977 3.6055512 69.12308 60.207973 59.48109 79.07591 67.26812 44.72136 98.89894 39.39543 27.658634 58.821766 43.27817 51.662365 97.984695 64.0 16.492422 96.25487 21.954498 66.730804 88.54942 92.34717 0.0 95.71311
0.0 38.052597 37.44329 51.088158 43.56604 24.839485 77.41447 37.802116 37.65634 38.600517 10.29563 84.07735 38.600517 13.928389 49.24429 80.024994 85.052925 22.090721 7.2111025 13.453624 72.03471 36.878178 8.246211 65.62012 85.02353 40.804413 25.632011 51.24451 27.018513 88.63972 85.09406 4.1231055 15.811388 85.86617 20.396078 26.925823 71.80529 72.06941 42.579338 84.14868 4.2426405 55.605755 6.0 12.529964 46.872166 69.050705 17.029387 43.185646 91.0 56.435802 11.18034 38.078865 14.21267 77.23341 92.13034 32.449963 36.05551 38.8973 27.202942 35.014282 77.0 5.8309517 69.46222 69.079666 51.156624 58.0517 46.75468 22.36068 48.754486 79.755875 5.8309517 78.1089 31.112698 7.2111025 36.67424 95.71311 0.0
p
0 0 0 0 0 0
0 0 0 0 0 0
0 0 0 0 0 0
0 0 0 0 0 0
0 0 0 0 0 0
0 0 0 0 0 0
0 0 0 0 0 0
0 0 0 0 0 0
0 0 0 0 0 0
0 0 0 0 0 0
0 0 0 0 0 0
0 0 0 0 0 0
0 0 0 0 0 0
0 0 0 0 0 0
0 0 0 0 0 0
14.0 14.0 14.0 14.0 14.0 14.0
14.0 14.0 14.0 14.0 14.0 14.0
14.0 14.0 14.0 14.0 14.0 14.0
14.0 14.0 14.0 14.0 14.0 14.0
14.0 14.0 14.0 14.0 14.0 14.0
14.0 14.0 14.0 14.0 14.0 14.0
14.0 14.0 14.0 14.0 14.0 14.0
14.0 14.0 14.0 14.0 14.0 14.0
14.0 14.0 14.0 14.0 14.0 14.0
14.0 14.0 14.0 14.0 14.0 14.0
14.0 14.0 14.0 14.0 14.0 14.0
14.0 14.0 14.0 14.0 14.0 14.0
14.0 14.0 14.0 14.0 14.0 14.0
14.0 14.0 14.0 14.0 14.0 14.0
14.0 14.0 14.0 14.0 14.0 14.0
14.0 14.0 14.0 14.0 14.0 14.0
14.0 14.0 14.0 14.0 14.0 14.0
14.0 14.0 14.0 14.0 14.0 14.0
14.0 14.0 14.0 14.0 14.0 14.0
14.0 14.0 14.0 14.0 14.0 14.0
14.0 14.0 14.0 14.0 14.0 14.0
14.0 14.0 14.0 14.0 14.0 14.0
14.0 14.0 14.0 14.0 14.0 14.0
14.0 14.0 14.0 14.0 14.0 14.0
14.0 14.0 14.0 14.0 14.0 14.0
14.0 14.0 14.0 14.0 14.0 14.0
14.0 14.0 14.0 14.0 14.0 14.0
14.0 14.0 14.0 14.0 14.0 14.0
14.0 14.0 14.0 14.0 14.0 14.0
14.0 14.0 14.0 14.0 14.0 14.0
14.0 14.0 14.0 14.0 14.0 14.0
14.0 14.0 14.0 14.0 14.0 14.0
14.0 14.0 14.0 14.0 14.0 14.0
14.0 14.0 14.0 14.0 14.0 14.0
14.0 14.0 14.0 14.0 14.0 14.0
14.0 14.0 14.0 14.0 14.0 14.0
14.0 14.0 14.0 14.0 14.0 14.0
14.0 14.0 14.0 14.0 14.0 14.0
14.0 14.0 14.0 14.0 14.0 14.0
14.0 14.0 14.0 14.0 14.0 14.0
14.0 14.0 14.0 14.0 14.0 14.0
14.0 14.0 14.0 14.0 14.0 14.0
14.0 14.0 14.0 14.0 14.0 14.0
14.0 14.0 14.0 14.0 14.0 14.0
14.0 14.0 14.0 14.0 14.0 14.0
14.0 14.0 14.0 14.0 14.0 14.0
14.0 14.0 14.0 14.0 14.0 14.0
14.0 14.0 14.0 14.0 14.0 14.0
14.0 14.0 14.0 14.0 14.0 14.0
14.0 14.0 14.0 14.0 14.0 14.0
14.0 14.0 14.0 14.0 14.0 14.0
14.0 14.0 14.0 14.0 14.0 14.0
14.0 14.0 14.0 14.0 14.0 14.0
14.0 14.0 14.0 14.0 14.0 14.0
14.0 14.0 14.0 14.0 14.0 14.0
14.0 14.0 14.0 14.0 14.0 14.0
14.0 14.0 14.0 14.0 14.0 14.0
14.0 14.0 14.0 14.0 14.0 14.0
14.0 14.0 14.0 14.0 14.0 14.0
14.0 14.0 14.0 14.0 14.0 14.0
14.0 14.0 14.0 14.0 14.0 14.0
14.0 14.0 14.0 14.0 14.0 14.0
14.0 14.0 14.0 14.0 14.0 14.0
14.0 14.0 14.0 14.0 14.0 14.0
14.0 14.0 14.0 14.0 14.0 14.0
14.0 14.0 14.0 14.0 14.0 14.0
14.0 14.0 14.0 14.0 14.0 14.0
14.0 14.0 14.0 14.0 14.0 14.0
14.0 14.0 14.0 14.0 14.0 14.0
14.0 14.0 14.0 14.0 14.0 14.0
14.0 14.0 14.0 14.0 14.0 14.0
14.0 14.0 14.0 14.0 14.0 14.0
14.0 14.0 14.0 14.0 14.0 14.0
14.0 14.0 14.0 14.0 14.0 14.0
14.0 14.0 14.0 14.0 14.0 14.0
14.0 14.0 14.0 14.0 14.0 14.0
14.0 14.0 14.0 14.0 14.0 14.0
14.0 14.0 14.0 14.0 14.0 14.0
14.0 14.0 14.0 14.0 14.0 14.0
14.0 14.0 14.0 14.0 14.0 14.0
14.0 14.0 14.0 14.0 14.0 14.0
14.0 14.0 14.0 14.0 14.0 14.0
14.0 14.0 14.0 14.0 14.0 14.0
14.0 14.0 14.0 14.0 14.0 14.0
14.0 14.0 14.0 14.0 14.0 14.0
14.0 14.0 14.0 14.0 14.0 14.0
14.0 14.0 14.0 14.0 14.0 14.0
14.0 14.0 14.0 14.0 14.0 14.0
14.0 14.0 14.0 14.0 14.0 14.0
14.0 14.0 14.0 14.0 14.0 14.0
14.0 14.0 14.0 14.0 14.0 14.0
14.0 14.0 14.0 14.0 14.0 14.0
14.0 14.0 14.0 14.0 14.0 14.0
14.0 14.0 14.0 14.0 14.0 14.0
14.0 14.0 14.0 14.0 14.0 14.0
14.0 14.0 14.0 14.0 14.0 14.0
14.0 14.0 14.0 14.0 14.0 14.0
14.0 14.0 14.0 14.0 14.0 14.0
14.0 14.0 14.0 14.0 14.0 14.0
14.0 14.0 14.0 14.0 14.0 14.0
14.0 14.0 14.0 14.0 14.0 14.0
14.0 14.0 14.0 14.0 14.0 14.0
14.0 14.0 14.0 14.0 14.0 14.0
14.0 14.0 14.0 14.0 14.0 14.0
14.0 14.0 14.0 14.0 14.0 14.0
14.0 14.0 14.0 14.0 14.0 14.0
14.0 14.0 14.0 14.0 14.0 14.0
14.0 14.0 14.0 14.0 14.0 14.0
14.0 14.0 14.0 14.0 14.0 14.0
14.0 14.0 14.0 14.0 14.0 14.0
14.0 14.0 14.0 14.0 14.0 14.0
14.0 14.0 14.0 14.0 14.0 14.0
14.0 14.0 14.0 14.0 14.0 14.0
14.0 14.0 14.0 14.0 14.0 14.0
14.0 14.0 14.0 14.0 14.0 14.0
14.0 14.0 14.0 14.0 14.0 14.0
14.0 14.0 14.0 14.0 14.0 14.0
14.0 14.0 14.0 14.0 14.0 14.0
14.0 14.0 14.0 14.0 14.0 14.0
14.0 14.0 14.0 14.0 14.0 14.0
14.0 14.0 14.0 14.0 14.0 14.0
14.0 14.0 14.0 14.0 14.0 14.0
14.0 14.0 14.0 14.0 14.0 14.0
14.0 14.0 14.0 14.0 14.0 14.0
14.0 14.0 14.0 14.0 14.0 14.0
14.0 14.0 14.0 14.0 14.0 14.0
14.0 14.0 14.0 14.0 14.0 14.0
14.0 14.0 14.0 14.0 14.0 14.0
14.0 14.0 14.0 14.0 14.0 14.0
14.0 14.0 14.0 14.0 14.0 14.0
14.0 14.0 14.0 14.0 14.0 14.0
14.0 14.0 14.0 14.0 14.0 14.0
14.0 14.0 14.0 14.0 14.0 14.0
14.0 14.0 14.0 14.0 14.0 14.0
14.0 14.0 14.0 14.0 14.0 14.0
14.0 14.0 14.0 14.0 14.0 14.0
14.0 14.0 14.0 14.0 14.0 14.0
14.0 14.0 14.0 14.0 14.0 14.0
14.0 14.0 14.0 14.0 14.0 14.0
14.0 14.0 14.0 14.0 14.0 14.0
14.0 14.0 14.0 14.0 14.0 14.0
14.0 14.0 14.0 14.0 14.0 14.0
14.0 14.0 14.0 14.0 14.0 14.0
14.0 14.0 14.0 14.0 14.0 14.0
14.0 14.0 14.0 14.0 14.0 14.0
14.0 14.0 14.0 14.0 14.0 14.0
14.0 14.0 14.0 14.0 14.0 14.0
14.0 14.0 14.0 14.0 14.0 14.0
14.0 14.0 14.0 14.0 14.0 14.0
14.0 14.0 14.0 14.0 14.0 14.0
14.0 14.0 14.0 14.0 14.0 14.0
14.0 14.0 14.0 14.0 14.0 14.0
14.0 14.0 14.0 14.0 14.0 14.0
14.0 14.0 14.0 14.0 14.0 14.0
14.0 14.0 14.0 14.0 14.0 14.0
14.0 14.0 14.0 14.0 14.0 14.0
14.0 14.0 14.0 14.0 14.0 14.0
14.0 14.0 14.0 14.0 14.0 14.0
14.0 14.0 14.0 14.0 14.0 14.0
14.0 14.0 14.0 14.0 14.0 14.0
14.0 14.0 14.0 14.0 14.0 14.0
14.0 14.0 14.0 14.0 14.0 14.0
14.0 14.0 14.0 14.0 14.0 14.0
14.0 14.0 14.0 14.0 14.0 14.0
14.0 14.0 14.0 14.0 14.0 14.0
14.0 14.0 14.0 14.0 14.0 14.0
14.0 14.0 14.0 14.0 14.0 14.0
14.0 14.0 14.0 14.0 14.0 14.0
14.0 14.0 14.0 14.0 14.0 14.0
14.0 14.0 14.0 14.0 14.0 14.0
14.0 14.0 14.0 14.0 14.0 14.0
14.0 14.0 14.0 14.0 14.0 14.0
14.0 14.0 14.0 14.0 14.0 14.0
14.0 14.0 14.0 14.0 14.0 14.0
14.0 14.0 14.0 14.0 14.0 14.0
14.0 14.0 14.0 14.0 14.0 14.0
14.0 14.0 14.0 14.0 14.0 14.0
14.0 14.0 14.0 14.0 14.0 14.0
14.0 14.0 14.0 14.0 14.0 14.0
14.0 14.0 14.0 14.0 14.0 14.0
14.0 14.0 14.0 14.0 14.0 14.0
14.0 14.0 14.0 14.0 14.0 14.0
14.0 14.0 14.0 14.0 14.0 14.0
14.0 14.0 14.0 14.0 14.0 14.0
14.0 14.0 14.0 14.0 14.0 14.0
14.0 14.0 14.0 14.0 14.0 14.0
14.0 14.0 14.0 14.0 14.0 14.0
14.0 14.0 14.0 14.0 14.0 14.0
14.0 14.0 14.0 14.0 14.0 14.0
14.0 14.0 14.0 14.0 14.0 14.0
14.0 14.0 14.0 14.0 14.0 14.0
14.0 14.0 14.0 14.0 14.0 14.0
14.0 14.0 14.0 14.0 14.0 14.0
14.0 14.0 14.0 14.0 14.0 14.0
14.0 14.0 14.0 14.0 14.0 14.0
14.0 14.0 14.0 14.0 14.0 14.0
14.0 14.0 14.0 14.0 14.0 14.0
14.0 14.0 14.0 14.0 14.0 14.0
14.0 14.0 14.0 14.0 14.0 14.0
14.0 14.0 14.0 14.0 14.0 14.0
14.0 14.0 14.0 14.0 14.0 14.0
14.0 14.0 14.0 14.0 14.0 14.0
14.0 14.0 14.0 14.0 14.0 14.0
14.0 14.0 14.0 14.0 14.0 14.0
14.0 14.0 14.0 14.0 14.0 14.0
14.0 14.0 14.0 14.0 14.0 14.0
14.0 14.0 14.0 14.0 14.0 14.0
14.0 14.0 14.0 14.0 14.0 14.0
14.0 14.0 14.0 14.0 14.0 14.0
14.0 14.0 14.0 14.0 14.0 14.0
14.0 14.0 14.0 14.0 14.0 14.0
14.0 14.0 14.0 14.0 14.0 14.0
14.0 14.0 14.0 14.0 14.0 14.0
14.0 14.0 14.0 14.0 14.0 14.0
14.0 14.0 14.0 14.0 14.0 14.0
14.0 14.0 14.0 14.0 14.0 14.0
14.0 14.0 14.0 14.0 14.0 14.0
14.0 14.0 14.0 14.0 14.0 14.0
14.0 14.0 14.0 14.0 14.0 14.0
14.0 14.0 14.0 14.0 14.0 14.0
14.0 14.0 14.0 14.0 14.0 14.0
14.0 14.0 14.0 14.0 14.0 14.0
14.0 14.0 14.0 14.0 14.0 14.0
14.0 14.0 14.0 14.0 14.0 14.0
14.0 14.0 14.0 14.0 14.0 14.0
14.0 14.0 14.0 14.0 14.0 14.0
14.0 14.0 14.0 14.0 14.0 14.0
14.0 14.0 14.0 14.0 14.0 14.0
14.0 14.0 14.0 14.0 14.0 14.0
14.0 14.0 14.0 14.0 14.0 14.0
14.0 14.0 14.0 14.0 14.0 14.0
14.0 14.0 14.0 14.0 14.0 14.0
14.0 14.0 14.0 14.0 14.0 14.0
14.0 14.0 14.0 14.0 14.0 14.0
14.0 14.0 14.0 14.0 14.0 14.0
14.0 14.0 14.0 14.0 14.0 14.0
14.0 14.0 14.0 14.0 14.0 14.0
14.0 14.0 14.0 14.0 14.0 14.0
14.0 14.0 14.0 14.0 14.0 14.0
14.0 14.0 14.0 14.0 14.0 14.0
14.0 14.0 14.0 14.0 14.0 14.0
14.0 14.0 14.0 14.0 14.0 14.0
14.0 14.0 14.0 14.0 14.0 14.0
14.0 14.0 14.0 14.0 14.0 14.0
14.0 14.0 14.0 14.0 14.0 14.0
14.0 14.0 14.0 14.0 14.0 14.0
14.0 14.0 14.0 14.0 14.0 14.0
14.0 14.0 14.0 14.0 14.0 14.0
14.0 14.0 14.0 14.0 14.0 14.0
14.0 14.0 14.0 14.0 14.0 14.0
14.0 14.0 14.0 14.0 14.0 14.0
14.0 14.0 14.0 14.0 14.0 14.0
14.0 14.0 14.0 14.0 14.0 14.0
14.0 14.0 14.0 14.0 14.0 14.0
14.0 14.0 14.0 14.0 14.0 14.0
14.0 14.0 14.0 14.0 14.0 14.0
14.0 14.0 14.0 14.0 14.0 14.0
14.0 14.0 14.0 14.0 14.0 14.0
14.0 14.0 14.0 14.0 14.0 14.0
14.0 14.0 14.0 14.0 14.0 14.0
14.0 14.0 14.0 14.0 14.0 14.0
14.0 14.0 14.0 14.0 14.0 14.0
14.0 14.0 14.0 14.0 14.0 14.0
14.0 14.0 14.0 14.0 14.0 14.0
14.0 14.0 14.0 14.0 14.0 14.0
14.0 14.0 14.0 14.0 14.0 14.0
14.0 14.0 14.0 14.0 14.0 14.0
14.0 14.0 14.0 14.0 14.0 14.0
14.0 14.0 14.0 14.0 14.0 14.0
14.0 14.0 14.0 14.0 14.0 14.0
14.0 14.0 14.0 14.0 14.0 14.0
14.0 14.0 14.0 14.0 14.0 14.0
14.0 14.0 14.0 14.0 14.0 14.0
14.0 14.0 14.0 14.0 14.0 14.0
14.0 14.0 14.0 14.0 14.0 14.0
14.0 14.0 14.0 14.0 14.0 14.0
14.0 14.0 14.0 14.0 14.0 14.0
14.0 14.0 14.0 14.0 14.0 14.0
14.0 14.0 14.0 14.0 14.0 14.0
14.0 14.0 14.0 14.0 14.0 14.0
14.0 14.0 14.0 14.0 14.0 14.0
14.0 14.0 14.0 14.0 14.0 14.0
14.0 14.0 14.0 14.0 14.0 14.0
14.0 14.0 14.0 14.0 14.0 14.0
14.0 14.0 14.0 14.0 14.0 14.0
14.0 14.0 14.0 14.0 14.0 14.0
14.0 14.0 14.0 14.0 14.0 14.0
14.0 14.0 14.0 14.0 14.0 14.0
14.0 14.0 14.0 14.0 14.0 14.0
14.0 14.0 14.0 14.0 14.0 14.0
14.0 14.0 14.0 14.0 14.0 14.0
14.0 14.0 14.0 14.0 14.0 14.0
14.0 14.0 14.0 14.0 14.0 14.0
14.0 14.0 14.0 14.0 14.0 14.0
14.0 14.0 14.0 14.0 14.0 14.0
14.0 14.0 14.0 14.0 14.0 14.0
14.0 14.0 14.0 14.0 14.0 14.0
14.0 14.0 14.0 14.0 14.0 14.0
14.0 14.0 14.0 14.0 14.0 14.0
14.0 14.0 14.0 14.0 14.0 14.0
14.0 14.0 14.0 14.0 14.0 14.0
14.0 14.0 14.0 14.0 14.0 14.0
14.0 14.0 14.0 14.0 14.0 14.0
14.0 14.0 14.0 14.0 14.0 14.0
14.0 14.0 14.0 14.0 14.0 14.0
14.0 14.0 14.0 14.0 14.0 14.0
14.0 14.0 14.0 14.0 14.0 14.0
14.0 14.0 14.0 14.0 14.0 14.0
14.0 14.0 14.0 14.0 14.0 14.0
14.0 14.0 14.0 14.0 14.0 14.0
14.0 14.0 14.0 14.0 14.0 14.0
14.0 14.0 14.0 14.0 14.0 14.0
14.0 14.0 14.0 14.0 14.0 14.0
14.0 14.0 14.0 14.0 14.0 14.0
14.0 14.0 14.0 14.0 14.0 14.0
14.0 14.0 14.0 14.0 14.0 14.0
14.0 14.0 14.0 14.0 14.0 14.0
14.0 14.0 14.0 14.0 14.0 14.0
14.0 14.0 14.0 14.0 14.0 14.0
14.0 14.0 14.0 14.0 14.0 14.0
14.0 14.0 14.0 14.0 14.0 14.0
14.0 14.0 14.0 14.0 14.0 14.0
14.0 14.0 14.0 14.0 14.0 14.0
14.0 14.0 14.0 14.0 14.0 14.0
14.0 14.0 14.0 14.0 14.0 14.0
14.0 14.0 14.0 14.0 14.0 14.0
14.0 14.0 14.0 14.0 14.0 14.0
14.0 14.0 14.0 14.0 14.0 14.0
14.0 14.0 14.0 14.0 14.0 14.0
14.0 14.0 14.0 14.0 14.0 14.0
14.0 14.0 14.0 14.0 14.0 14.0
14.0 14.0 14.0 14.0 14.0 14.0
14.0 14.0 14.0 14.0 14.0 14.0
14.0 14.0 14.0 14.0 14.0 14.0
14.0 14.0 14.0 14.0 14.0 14.0
14.0 14.0 14.0 14.0 14.0 14.0
14.0 14.0 14.0 14.0 14.0 14.0
14.0 14.0 14.0 14.0 14.0 14.0
14.0 14.0 14.0 14.0 14.0 14.0
14.0 14.0 14.0 14.0 14.0 14.0
14.0 14.0 14.0 14.0 14.0 14.0
14.0 14.0 14.0 14.0 14.0 14.0
14.0 14.0 14.0 14.0 14.0 14.0
14.0 14.0 14.0 14.0 14.0 14.0
14.0 14.0 14.0 14.0 14.0 14.0
14.0 14.0 14.0 14.0 14.0 14.0
14.0 14.0 14.0 14.0 14.0 14.0
14.0 14.0 14.0 14.0 14.0 14.0
14.0 14.0 14.0 14.0 14.0 14.0
14.0 14.0 14.0 14.0 14.0 14.0
14.0 14.0 14.0 14.0 14.0 14.0
14.0 14.0 14.0 14.0 14.0 14.0
14.0 14.0 14.0 14.0 14.0 14.0
14.0 14.0 14.0 14.0 14.0 14.0
14.0 14.0 14.0 14.0 14.0 14.0
14.0 14.0 14.0 14.0 14.0 14.0
14.0 14.0 14.0 14.0 14.0 14.0
14.0 14.0 14.0 14.0 14.0 14.0
14.0 14.0 14.0 14.0 14.0 14.0
14.0 14.0 14.0 14.0 14.0 14.0
14.0 14.0 14.0 14.0 14.0 14.0
14.0 14.0 14.0 14.0 14.0 14.0
14.0 14.0 14.0 14.0 14.0 14.0
14.0 14.0 14.0 14.0 14.0 14.0
14.0 14.0 14.0 14.0 14.0 14.0
14.0 14.0 14.0 14.0 14.0 14.0
14.0 14.0 14.0 14.0 14.0 14.0
14.0 14.0 14.0 14.0 14.0 14.0
14.0 14.0 14.0 14.0 14.0 14.0
14.0 14.0 14.0 14.0 14.0 14.0
14.0 14.0 14.0 14.0 14.0 14.0
14.0 14.0 14.0 14.0 14.0 14.0
14.0 14.0 14.0 14.0 14.0 14.0
14.0 14.0 14.0 14.0 14.0 14.0
14.0 14.0 14.0 14.0 14.0 14.0
14.0 14.0 14.0 14.0 14.0 14.0
14.0 14.0 14.0 14.0 14.0 14.0
14.0 14.0 14.0 14.0 14.0 14.0
14.0 14.0 14.0 14.0 14.0 14.0
14.0 14.0 14.0 14.0 14.0 14.0
14.0 14.0 14.0 14.0 14.0 14.0
14.0 14.0 14.0 14.0 14.0 14.0
14.0 14.0 14.0 14.0 14.0 14.0
14.0 14.0 14.0 14.0 14.0 14.0
14.0 14.0 14.0 14.0 14.0 14.0
14.0 14.0 14.0 14.0 14.0 14.0
14.0 14.0 14.0 14.0 14.0 14.0
14.0 14.0 14.0 14.0 14.0 14.0
14.0 14.0 14.0 14.0 14.0 14.0
14.0 14.0 14.0 14.0 14.0 14.0
14.0 14.0 14.0 14.0 14.0 14.0
14.0 14.0 14.0 14.0 14.0 14.0
14.0 14.0 14.0 14.0 14.0 14.0
14.0 14.0 14.0 14.0 14.0 14.0
14.0 14.0 14.0 14.0 14.0 14.0
14.0 14.0 14.0 14.0 14.0 14.0
14.0 14.0 14.0 14.0 14.0 14.0
14.0 14.0 14.0 14.0 14.0 14.0
14.0 14.0 14.0 14.0 14.0 14.0
14.0 14.0 14.0 14.0 14.0 14.0
14.0 14.0 14.0 14.0 14.0 14.0
14.0 14.0 14.0 14.0 14.0 14.0
14.0 14.0 14.0 14.0 14.0 14.0
14.0 14.0 14.0 14.0 14.0 14.0
14.0 14.0 14.0 14.0 14.0 14.0
14.0 14.0 14.0 14.0 14.0 14.0
14.0 14.0 14.0 14.0 14.0 14.0
14.0 14.0 14.0 14.0 14.0 14.0
14.0 14.0 14.0 14.0 14.0 14.0
14.0 14.0 14.0 14.0 14.0 14.0
14.0 14.0 14.0 14.0 14.0 14.0
14.0 14.0 14.0 14.0 14.0 14.0
14.0 14.0 14.0 14.0 14.0 14.0
14.0 14.0 14.0 14.0 14.0 14.0
14.0 14.0 14.0 14.0 14.0 14.0
14.0 14.0 14.0 14.0 14.0 14.0
14.0 14.0 14.0 14.0 14.0 14.0
14.0 14.0 14.0 14.0 14.0 14.0
14.0 14.0 14.0 14.0 14.0 14.0
14.0 14.0 14.0 14.0 14.0 14.0
14.0 14.0 14.0 14.0 14.0 14.0
14.0 14.0 14.0 14.0 14.0 14.0
14.0 14.0 14.0 14.0 14.0 14.0
14.0 14.0 14.0 14.0 14.0 14.0
14.0 14.0 14.0 14.0 14.0 14.0
14.0 14.0 14.0 14.0 14.0 14.0
14.0 14.0 14.0 14.0 14.0 14.0
14.0 14.0 14.0 14.0 14.0 14.0
14.0 14.0 14.0 14.0 14.0 14.0
14.0 14.0 14.0 14.0 14.0 14.0
14.0 14.0 14.0 14.0 14.0 14.0
14.0 14.0 14.0 14.0 14.0 14.0
14.0 14.0 14.0 14.0 14.0 14.0
14.0 14.0 14.0 14.0 14.0 14.0
14.0 14.0 14.0 14.0 14.0 14.0
14.0 14.0 14.0 14.0 14.0 14.0
14.0 14.0 14.0 14.0 14.0 14.0
14.0 14.0 14.0 14.0 14.0 14.0
14.0 14.0 14.0 14.0 14.0 14.0
14.0 14.0 14.0 14.0 14.0 14.0
14.0 14.0 14.0 14.0 14.0 14.0
14.0 14.0 14.0 14.0 14.0 14.0
14.0 14.0 14.0 14.0 14.0 14.0
14.0 14.0 14.0 14.0 14.0 14.0
14.0 14.0 14.0 14.0 14.0 14.0
14.0 14.0 14.0 14.0 14.0 14.0
14.0 14.0 14.0 14.0 14.0 14.0
14.0 14.0 14.0 14.0 14.0 14.0
14.0 14.0 14.0 14.0 14.0 14.0
14.0 14.0 14.0 14.0 14.0 14.0
14.0 14.0 14.0 14.0 14.0 14.0
14.0 14.0 14.0 14.0 14.0 14.0
14.0 14.0 14.0 14.0 14.0 14.0
14.0 14.0 14.0 14.0 14.0 14.0
14.0 14.0 14.0 14.0 14.0 14.0
14.0 14.0 14.0 14.0 14.0 14.0
14.0 14.0 14.0 14.0 14.0 14.0
14.0 14.0 14.0 14.0 14.0 14.0
14.0 14.0 14.0 14.0 14.0 14.0
14.0 14.0 14.0 14.0 14.0 14.0
14.0 14.0 14.0 14.0 14.0 14.0
14.0 14.0 14.0 14.0 14.0 14.0
14.0 14.0 14.0 14.0 14.0 14.0
14.0 14.0 14.0 14.0 14.0 14.0
14.0 14.0 14.0 14.0 14.0 14.0
14.0 14.0 14.0 14.0 14.0 14.0
14.0 14.0 14.0 14.0 14.0 14.0
14.0 14.0 14.0 14.0 14.0 14.0
14.0 14.0 14.0 14.0 14.0 14.0
14.0 14.0 14.0 14.0 14.0 14.0
14.0 14.0 14.0 14.0 14.0 14.0
14.0 14.0 14.0 14.0 14.0 14.0
14.0 14.0 14.0 14.0 14.0 14.0
14.0 14.0 14.0 14.0 14.0 14.0
14.0 14.0 14.0 14.0 14.0 14.0
14.0 14.0 14.0 14.0 14.0 14.0
14.0 14.0 14.0 14.0 14.0 14.0
14.0 14.0 14.0 14.0 14.0 14.0
14.0 14.0 14.0 14.0 14.0 14.0
14.0 14.0 14.0 14.0 14.0 14.0
14.0 14.0 14.0 14.0 14.0 14.0
14.0 14.0 14.0 14.0 14.0 14.0
14.0 14.0 14.0 14.0 14.0 14.0
14.0 14.0 14.0 14.0 14.0 14.0
14.0 14.0 14.0 14.0 14.0 14.0
14.0 14.0 14.0 14.0 14.0 14.0
14.0 14.0 14.0 14.0 14.0 14.0
14.0 14.0 14.0 14.0 14.0 14.0
14.0 14.0 14.0 14.0 14.0 14.0
14.0 14.0 14.0 14.0 14.0 14.0
14.0 14.0 14.0 14.0 14.0 14.0
14.0 14.0 14.0 14.0 14.0 14.0
14.0 14.0 14.0 14.0 14.0 14.0
14.0 14.0 14.0 14.0 14.0 14.0
14.0 14.0 14.0 14.0 14.0 14.0
14.0 14.0 14.0 14.0 14.0 14.0
14.0 14.0 14.0 14.0 14.0 14.0
14.0 14.0 14.0 14.0 14.0 14.0
14.0 14.0 14.0 14.0 14.0 14.0
14.0 14.0 14.0 14.0 14.0 14.0
14.0 14.0 14.0 14.0 14.0 14.0
14.0 14.0 14.0 14.0 14.0 14.0
14.0 14.0 14.0 14.0 14.0 14.0
14.0 14.0 14.0 14.0 14.0 14.0
14.0 14.0 14.0 14.0 14.0 14.0
14.0 14.0 14.0 14.0 14.0 14.0
14.0 14.0 14.0 14.0 14.0 14.0
14.0 14.0 14.0 14.0 14.0 14.0
14.0 14.0 14.0 14.0 14.0 14.0
14.0 14.0 14.0 14.0 14.0 14.0
14.0 14.0 14.0 14.0 14.0 14.0
14.0 14.0 14.0 14.0 14.0 14.0
14.0 14.0 14.0 14.0 14.0 14.0
14.0 14.0 14.0 14.0 14.0 14.0
14.0 14.0 14.0 14.0 14.0 14.0
14.0 14.0 14.0 14.0 14.0 14.0
14.0 14.0 14.0 14.0 14.0 14.0
14.0 14.0 14.0 14.0 14.0 14.0
14.0 14.0 14.0 14.0 14.0 14.0
14.0 14.0 14.0 14.0 14.0 14.0
14.0 14.0 14.0 14.0 14.0 14.0
14.0 14.0 14.0 14.0 14.0 14.0
14.0 14.0 14.0 14.0 14.0 14.0
14.0 14.0 14.0 14.0 14.0 14.0
14.0 14.0 14.0 14.0 14.0 14.0
14.0 14.0 14.0 14.0 14.0 14.0
14.0 14.0 14.0 14.0 14.0 14.0
14.0 14.0 14.0 14.0 14.0 14.0
14.0 14.0 14.0 14.0 14.0 14.0
14.0 14.0 14.0 14.0 14.0 14.0
14.0 14.0 14.0 14.0 14.0 14.0
14.0 14.0 14.0 14.0 14.0 14.0
14.0 14.0 14.0 14.0 14.0 14.0
14.0 14.0 14.0 14.0 14.0 14.0
14.0 14.0 14.0 14.0 14.0 14.0
14.0 14.0 14.0 14.0 14.0 14.0
14.0 14.0 14.0 14.0 14.0 14.0
14.0 14.0 14.0 14.0 14.0 14.0
14.0 14.0 14.0 14.0 14.0 14.0
14.0 14.0 14.0 14.0 14.0 14.0
14.0 14.0 14.0 14.0 14.0 14.0
14.0 14.0 14.0 14.0 14.0 14.0
14.0 14.0 14.0 14.0 14.0 14.0
14.0 14.0 14.0 14.0 14.0 14.0
14.0 14.0 14.0 14.0 14.0 14.0
14.0 14.0 14.0 14.0 14.0 14.0
14.0 14.0 14.0 14.0 14.0 14.0
14.0 14.0 14.0 14.0 14.0 14.0
14.0 14.0 14.0 14.0 14.0 14.0
14.0 14.0 14.0 14.0 14.0 14.0
14.0 14.0 14.0 14.0 14.0 14.0
14.0 14.0 14.0 14.0 14.0 14.0
14.0 14.0 14.0 14.0 14.0 14.0
14.0 14.0 14.0 14.0 14.0 14.0
14.0 14.0 14.0 14.0 14.0 14.0
14.0 14.0 14.0 14.0 14.0 14.0
14.0 14.0 14.0 14.0 14.0 14.0
14.0 14.0 14.0 14.0 14.0 14.0
14.0 14.0 14.0 14.0 14.0 14.0
14.0 14.0 14.0 14.0 14.0 14.0
14.0 14.0 14.0 14.0 14.0 14.0
14.0 14.0 14.0 14.0 14.0 14.0
14.0 14.0 14.0 14.0 14.0 14.0
14.0 14.0 14.0 14.0 14.0 14.0
14.0 14.0 14.0 14.0 14.0 14.0
14.0 14.0 14.0 14.0 14.0 14.0
14.0 14.0 14.0 14.0 14.0 14.0
14.0 14.0 14.0 14.0 14.0 14.0
14.0 14.0 14.0 14.0 14.0 14.0
14.0 14.0 14.0 14.0 14.0 14.0
14.0 14.0 14.0 14.0 14.0 14.0
14.0 14.0 14.0 14.0 14.0 14.0
14.0 14.0 14.0 14.0 14.0 14.0
14.0 14.0 14.0 14.0 14.0 14.0
14.0 14.0 14.0 14.0 14.0 14.0
14.0 14.0 14.0 14.0 14.0 14.0
14.0 14.0 14.0 14.0 14.0 14.0
14.0 14.0 14.0 14.0 14.0 14.0
14.0 14.0 14.0 14.0 14.0 14.0
14.0 14.0 14.0 14.0 14.0 14.0
14.0 14.0 14.0 14.0 14.0 14.0
14.0 14.0 14.0 14.0 14.0 14.0
14.0 14.0 14.0 14.0 14.0 14.0
14.0 14.0 14.0 14.0 14.0 14.0
14.0 14.0 14.0 14.0 14.0 14.0
14.0 14.0 14.0 14.0 14.0 14.0
14.0 14.0 14.0 14.0 14.0 14.0
14.0 14.0 14.0 14.0 14.0 14.0
14.0 14.0 14.0 14.0 14.0 14.0
14.0 14.0 14.0 14.0 14.0 14.0
14.0 14.0 14.0 14.0 14.0 14.0
14.0 14.0 14.0 14.0 14.0 14.0
14.0 14.0 14.0 14.0 14.0 14.0
14.0 14.0 14.0 14.0 14.0 14.0
14.0 14.0 14.0 14.0 14.0 14.0
14.0 14.0 14.0 14.0 14.0 14.0
14.0 14.0 14.0 14.0 14.0 14.0
14.0 14.0 14.0 14.0 14.0 14.0
14.0 14.0 14.0 14.0 14.0 14.0
14.0 14.0 14.0 14.0 14.0 14.0
14.0 14.0 14.0 14.0 14.0 14.0
14.0 14.0 14.0 14.0 14.0 14.0
14.0 14.0 14.0 14.0 14.0 14.0
14.0 14.0 14.0 14.0 14.0 14.0
14.0 14.0 14.0 14.0 14.0 14.0
14.0 14.0 14.0 14.0 14.0 14.0
14.0 14.0 14.0 14.0 14.0 14.0
14.0 14.0 14.0 14.0 14.0 14.0
14.0 14.0 14.0 14.0 14.0 14.0
14.0 14.0 14.0 14.0 14.0 14.0
14.0 14.0 14.0 14.0 14.0 14.0
14.0 14.0 14.0 14.0 14.0 14.0
14.0 14.0 14.0 14.0 14.0 14.0
14.0 14.0 14.0 14.0 14.0 14.0
14.0 14.0 14.0 14.0 14.0 14.0
14.0 14.0 14.0 14.0 14.0 14.0
14.0 14.0 14.0 14.0 14.0 14.0
14.0 14.0 14.0 14.0 14.0 14.0
14.0 14.0 14.0 14.0 14.0 14.0
14.0 14.0 14.0 14.0 14.0 14.0
14.0 14.0 14.0 14.0 14.0 14.0
14.0 14.0 14.0 14.0 14.0 14.0
14.0 14.0 14.0 14.0 14.0 14.0
14.0 14.0 14.0 14.0 14.0 14.0
14.0 14.0 14.0 14.0 14.0 14.0
14.0 14.0 14.0 14.0 14.0 14.0
14.0 14.0 14.0 14.0 14.0 14.0
14.0 14.0 14.0 14.0 14.0 14.0
14.0 14.0 14.0 14.0 14.0 14.0
14.0 14.0 14.0 14.0 14.0 14.0
14.0 14.0 14.0 14.0 14.0 14.0
14.0 14.0 14.0 14.0 14.0 14.0
14.0 14.0 14.0 14.0 14.0 14.0
14.0 14.0 14.0 14.0 14.0 14.0
14.0 14.0 14.0 14.0 14.0 14.0
14.0 14.0 14.0 14.0 14.0 14.0
14.0 14.0 14.0 14.0 14.0 14.0
14.0 14.0 14.0 14.0 14.0 14.0
14.0 14.0 14.0 14.0 14.0 14.0
14.0 14.0 14.0 14.0 14.0 14.0
14.0 14.0 14.0 14.0 14.0 14.0
14.0 14.0 14.0 14.0 14.0 14.0
14.0 14.0 14.0 14.0 14.0 14.0
14.0 14.0 14.0 14.0 14.0 14.0
14.0 14.0 14.0 14.0 14.0 14.0
14.0 14.0 14.0 14.0 14.0 14.0
14.0 14.0 14.0 14.0 14.0 14.0
14.0 14.0 14.0 14.0 14.0 14.0
14.0 14.0 14.0 14.0 14.0 14.0
14.0 14.0 14.0 14.0 14.0 14.0
14.0 14.0 14.0 14.0 14.0 14.0
14.0 14.0 14.0 14.0 14.0 14.0
14.0 14.0 14.0 14.0 14.0 14.0
14.0 14.0 14.0 14.0 14.0 14.0
14.0 14.0 14.0 14.0 14.0 14.0
14.0 14.0 14.0 14.0 14.0 14.0
14.0 14.0 14.0 14.0 14.0 14.0
14.0 14.0 14.0 14.0 14.0 14.0
14.0 14.0 14.0 14.0 14.0 14.0
14.0 14.0 14.0 14.0 14.0 14.0
14.0 14.0 14.0 14.0 14.0 14.0
14.0 14.0 14.0 14.0 14.0 14.0
14.0 14.0 14.0 14.0 14.0 14.0
14.0 14.0 14.0 14.0 14.0 14.0
14.0 14.0 14.0 14.0 14.0 14.0
14.0 14.0 14.0 14.0 14.0 14.0
14.0 14.0 14.0 14.0 14.0 14.0
14.0 14.0 14.0 14.0 14.0 14.0
14.0 14.0 14.0 14.0 14.0 14.0
14.0 14.0 14.0 14.0 14.0 14.0
14.0 14.0 14.0 14.0 14.0 14.0
14.0 14.0 14.0 14.0 14.0 14.0
14.0 14.0 14.0 14.0 14.0 14.0
14.0 14.0 14.0 14.0 14.0 14.0
14.0 14.0 14.0 14.0 14.0 14.0
14.0 14.0 14.0 14.0 14.0 14.0
14.0 14.0 14.0 14.0 14.0 14.0
14.0 14.0 14.0 14.0 14.0 14.0
14.0 14.0 14.0 14.0 14.0 14.0
14.0 14.0 14.0 14.0 14.0 14.0
14.0 14.0 14.0 14.0 14.0 14.0
14.0 14.0 14.0 14.0 14.0 14.0
14.0 14.0 14.0 14.0 14.0 14.0
14.0 14.0 14.0 14.0 14.0 14.0
14.0 14.0 14.0 14.0 14.0 14.0
14.0 14.0 14.0 14.0 14.0 14.0
14.0 14.0 14.0 14.0 14.0 14.0
14.0 14.0 14.0 14.0 14.0 14.0
14.0 14.0 14.0 14.0 14.0 14.0
14.0 14.0 14.0 14.0 14.0 14.0
14.0 14.0 14.0 14.0 14.0 14.0
14.0 14.0 14.0 14.0 14.0 14.0
14.0 14.0 14.0 14.0 14.0 14.0
14.0 14.0 14.0 14.0 14.0 14.0
14.0 14.0 14.0 14.0 14.0 14.0
14.0 14.0 14.0 14.0 14.0 14.0
14.0 14.0 14.0 14.0 14.0 14.0
14.0 14.0 14.0 14.0 14.0 14.0
14.0 14.0 14.0 14.0 14.0 14.0
14.0 14.0 14.0 14.0 14.0 14.0
14.0 14.0 14.0 14.0 14.0 14.0
14.0 14.0 14.0 14.0 14.0 14.0
14.0 14.0 14.0 14.0 14.0 14.0
14.0 14.0 14.0 14.0 14.0 14.0
14.0 14.0 14.0 14.0 14.0 14.0
14.0 14.0 14.0 14.0 14.0 14.0
14.0 14.0 14.0 14.0 14.0 14.0
14.0 14.0 14.0 14.0 14.0 14.0
14.0 14.0 14.0 14.0 14.0 14.0
14.0 14.0 14.0 14.0 14.0 14.0
14.0 14.0 14.0 14.0 14.0 14.0
14.0 14.0 14.0 14.0 14.0 14.0
14.0 14.0 14.0 14.0 14.0 14.0
14.0 14.0 14.0 14.0 14.0 14.0
14.0 14.0 14.0 14.0 14.0 14.0
14.0 14.0 14.0 14.0 14.0 14.0
14.0 14.0 14.0 14.0 14.0 14.0
14.0 14.0 14.0 14.0 14.0 14.0
14.0 14.0 14.0 14.0 14.0 14.0
14.0 14.0 14.0 14.0 14.0 14.0
14.0 14.0 14.0 14.0 14.0 14.0
14.0 14.0 14.0 14.0 14.0 14.0
14.0 14.0 14.0 14.0 14.0 14.0
14.0 14.0 14.0 14.0 14.0 14.0
14.0 14.0 14.0 14.0 14.0 14.0
14.0 14.0 14.0 14.0 14.0 14.0
14.0 14.0 14.0 14.0 14.0 14.0
14.0 14.0 14.0 14.0 14.0 14.0
14.0 14.0 14.0 14.0 14.0 14.0
14.0 14.0 14.0 14.0 14.0 14.0
14.0 14.0 14.0 14.0 14.0 14.0
14.0 14.0 14.0 14.0 14.0 14.0
14.0 14.0 14.0 14.0 14.0 14.0
14.0 14.0 14.0 14.0 14.0 14.0
14.0 14.0 14.0 14.0 14.0 14.0
14.0 14.0 14.0 14.0 14.0 14.0
14.0 14.0 14.0 14.0 14.0 14.0
14.0 14.0 14.0 14.0 14.0 14.0
14.0 14.0 14.0 14.0 14.0 14.0
14.0 14.0 14.0 14.0 14.0 14.0
14.0 14.0 14.0 14.0 14.0 14.0
14.0 14.0 14.0 14.0 14.0 14.0
14.0 14.0 14.0 14.0 14.0 14.0
14.0 14.0 14.0 14.0 14.0 14.0
14.0 14.0 14.0 14.0 14.0 14.0
14.0 14.0 14.0 14.0 14.0 14.0
14.0 14.0 14.0 14.0 14.0 14.0
14.0 14.0 14.0 14.0 14.0 14.0
14.0 14.0 14.0 14.0 14.0 14.0
14.0 14.0 14.0 14.0 14.0 14.0
14.0 14.0 14.0 14.0 14.0 14.0
14.0 14.0 14.0 14.0 14.0 14.0
14.0 14.0 14.0 14.0 14.0 14.0
14.0 14.0 14.0 14.0 14.0 14.0
14.0 14.0 14.0 14.0 14.0 14.0
14.0 14.0 14.0 14.0 14.0 14.0
14.0 14.0 14.0 14.0 14.0 14.0
14.0 14.0 14.0 14.0 14.0 14.0
14.0 14.0 14.0 14.0 14.0 14.0
14.0 14.0 14.0 14.0 14.0 14.0
14.0 14.0 14.0 14.0 14.0 14.0
14.0 14.0 14.0 14.0 14.0 14.0
14.0 14.0 14.0 14.0 14.0 14.0
14.0 14.0 14.0 14.0 14.0 14.0
14.0 14.0 14.0 14.0 14.0 14.0
14.0 14.0 14.0 14.0 14.0 14.0
14.0 14.0 14.0 14.0 14.0 14.0
14.0 14.0 14.0 14.0 14.0 14.0
14.0 14.0 14.0 14.0 14.0 14.0
14.0 14.0 14.0 14.0 14.0 14.0
14.0 14.0 14.0 14.0 14.0 14.0
14.0 14.0 14.0 14.0 14.0 14.0
14.0 14.0 14.0 14.0 14.0 14.0
14.0 14.0 14.0 14.0 14.0 14.0
14.0 14.0 14.0 14.0 14.0 14.0
14.0 14.0 14.0 14.0 14.0 14.0
14.0 14.0 14.0 14.0 14.0 14.0
14.0 14.0 14.0 14.0 14.0 14.0
14.0 14.0 14.0 14.0 14.0 14.0
14.0 14.0 14.0 14.0 14.0 14.0
14.0 14.0 14.0 14.0 14.0 14.0
14.0 14.0 14.0 14.0 14.0 14.0
14.0 14.0 14.0 14.0 14.0 14.0
14.0 14.0 14.0 14.0 14.0 14.0
14.0 14.0 14.0 14.0 14.0 14.0
14.0 14.0 14.0 14.0 14.0 14.0
14.0 14.0 14.0 14.0 14.0 14.0
14.0 14.0 14.0 14.0 14.0 14.0
14.0 14.0 14.0 14.0 14.0 14.0
14.0 14.0 14.0 14.0 14.0 14.0
14.0 14.0 14.0 14.0 14.0 14.0
14.0 14.0 14.0 14.0 14.0 14.0
14.0 14.0 14.0 14.0 14.0 14.0
14.0 14.0 14.0 14.0 14.0 14.0
14.0 14.0 14.0 14.0 14.0 14.0
14.0 14.0 14.0 14.0 14.0 14.0
14.0 14.0 14.0 14.0 14.0 14.0
14.0 14.0 14.0 14.0 14.0 14.0
14.0 14.0 14.0 14.0 14.0 14.0
14.0 14.0 14.0 14.0 14.0 14.0
14.0 14.0 14.0 14.0 14.0 14.0
14.0 14.0 14.0 14.0 14.0 14.0
14.0 14.0 14.0 14.0 14.0 14.0
14.0 14.0 14.0 14.0 14.0 14.0
14.0 14.0 14.0 14.0 14.0 14.0
14.0 14.0 14.0 14.0 14.0 14.0
14.0 14.0 14.0 14.0 14.0 14.0
14.0 14.0 14.0 14.0 14.0 14.0
14.0 14.0 14.0 14.0 14.0 14.0
14.0 14.0 14.0 14.0 14.0 14.0
14.0 14.0 14.0 14.0 14.0 14.0
14.0 14.0 14.0 14.0 14.0 14.0
14.0 14.0 14.0 14.0 14.0 14.0
14.0 14.0 14.0 14.0 14.0 14.0
14.0 14.0 14.0 14.0 14.0 14.0
14.0 14.0 14.0 14.0 14.0 14.0
14.0 14.0 14.0 14.0 14.0 14.0
14.0 14.0 14.0 14.0 14.0 14.0
14.0 14.0 14.0 14.0 14.0 14.0
14.0 14.0 14.0 14.0 14.0 14.0
14.0 14.0 14.0 14.0 14.0 14.0
14.0 14.0 14.0 14.0 14.0 14.0
14.0 14.0 14.0 14.0 14.0 14.0
14.0 14.0 14.0 14.0 14.0 14.0
14.0 14.0 14.0 14.0 14.0 14.0
14.0 14.0 14.0 14.0 14.0 14.0
14.0 14.0 14.0 14.0 14.0 14.0
14.0 14.0 14.0 14.0 14.0 14.0
14.0 14.0 14.0 14.0 14.0 14.0
14.0 14.0 14.0 14.0 14.0 14.0
14.0 14.0 14.0 14.0 14.0 14.0
14.0 14.0 14.0 14.0 14.0 14.0
14.0 14.0 14.0 14.0 14.0 14.0
14.0 14.0 14.0 14.0 14.0 14.0
14.0 14.0 14.0 14.0 14.0 14.0
14.0 14.0 14.0 14.0 14.0 14.0
14.0 14.0 14.0 14.0 14.0 14.0
14.0 14.0 14.0 14.0 14.0 14.0
14.0 14.0 14.0 14.0 14.0 14.0
14.0 14.0 14.0 14.0 14.0 14.0
14.0 14.0 14.0 14.0 14.0 14.0
14.0 14.0 14.0 14.0 14.0 14.0
14.0 14.0 14.0 14.0 14.0 14.0
14.0 14.0 14.0 14.0 14.0 14.0
14.0 14.0 14.0 14.0 14.0 14.0
14.0 14.0 14.0 14.0 14.0 14.0
14.0 14.0 14.0 14.0 14.0 14.0
14.0 14.0 14.0 14.0 14.0 14.0
14.0 14.0 14.0 14.0 14.0 14.0
14.0 14.0 14.0 14.0 14.0 14.0
14.0 14.0 14.0 14.0 14.0 14.0
14.0 14.0 14.0 14.0 14.0 14.0
14.0 14.0 14.0 14.0 14.0 14.0
14.0 14.0 14.0 14.0 14.0 14.0
14.0 14.0 14.0 14.0 14.0 14.0
14.0 14.0 14.0 14.0 14.0 14.0
14.0 14.0 14.0 14.0 14.0 14.0
14.0 14.0 14.0 14.0 14.0 14.0
14.0 14.0 14.0 14.0 14.0 14.0
14.0 14.0 14.0 14.0 14.0 14.0
14.0 14.0 14.0 14.0 14.0 14.0
14.0 14.0 14.0 14.0 14.0 14.0
14.0 14.0 14.0 14.0 14.0 14.0
14.0 14.0 14.0 14.0 14.0 14.0
14.0 14.0 14.0 14.0 14.0 14.0
14.0 14.0 14.0 14.0 14.0 14.0
14.0 14.0 14.0 14.0 14.0 14.0
14.0 14.0 14.0 14.0 14.0 14.0
14.0 14.0 14.0 14.0 14.0 14.0
14.0 14.0 14.0 14.0 14.0 14.0
14.0 14.0 14.0 14.0 14.0 14.0
14.0 14.0 14.0 14.0 14.0 14.0
14.0 14.0 14.0 14.0 14.0 14.0
14.0 14.0 14.0 14.0 14.0 14.0
14.0 14.0 14.0 14.0 14.0 14.0
14.0 14.0 14.0 14.0 14.0 14.0
14.0 14.0 14.0 14.0 14.0 14.0
14.0 14.0 14.0 14.0 14.0 14.0
14.0 14.0 14.0 14.0 14.0 14.0
14.0 14.0 14.0 14.0 14.0 14.0
14.0 14.0 14.0 14.0 14.0 14.0
14.0 14.0 14.0 14.0 14.0 14.0
14.0 14.0 14.0 14.0 14.0 14.0
14.0 14.0 14.0 14.0 14.0 14.0
14.0 14.0 14.0 14.0 14.0 14.0
14.0 14.0 14.0 14.0 14.0 14.0
14.0 14.0 14.0 14.0 14.0 14.0
14.0 14.0 14.0 14.0 14.0 14.0
14.0 14.0 14.0 14.0 14.0 14.0
14.0 14.0 14.0 14.0 14.0 14.0
14.0 14.0 14.0 14.0 14.0 14.0
14.0 14.0 14.0 14.0 14.0 14.0
14.0 14.0 14.0 14.0 14.0 14.0
14.0 14.0 14.0 14.0 14.0 14.0
14.0 14.0 14.0 14.0 14.0 14.0
14.0 14.0 14.0 14.0 14.0 14.0
14.0 14.0 14.0 14.0 14.0 14.0
14.0 14.0 14.0 14.0 14.0 14.0
14.0 14.0 14.0 14.0 14.0 14.0
14.0 14.0 14.0 14.0 14.0 14.0
14.0 14.0 14.0 14.0 14.0 14.0
14.0 14.0 14.0 14.0 14.0 14.0
14.0 14.0 14.0 14.0 14.0 14.0
14.0 14.0 14.0 14.0 14.0 14.0
14.0 14.0 14.0 14.0 14.0 14.0
14.0 14.0 14.0 14.0 14.0 14.0
14.0 14.0 14.0 14.0 14.0 14.0
14.0 14.0 14.0 14.0 14.0 14.0
14.0 14.0 14.0 14.0 14.0 14.0
14.0 14.0 14.0 14.0 14.0 14.0
14.0 14.0 14.0 14.0 14.0 14.0
14.0 14.0 14.0 14.0 14.0 14.0
14.0 14.0 14.0 14.0 14.0 14.0
14.0 14.0 14.0 14.0 14.0 14.0
14.0 14.0 14.0 14.0 14.0 14.0
14.0 14.0 14.0 14.0 14.0 14.0
14.0 14.0 14.0 14.0 14.0 14.0
14.0 14.0 14.0 14.0 14.0 14.0
14.0 14.0 14.0 14.0 14.0 14.0
14.0 14.0 14.0 14.0 14.0 14.0
14.0 14.0 14.0 14.0 14.0 14.0
14.0 14.0 14.0 14.0 14.0 14.0
14.0 14.0 14.0 14.0 14.0 14.0
14.0 14.0 14.0 14.0 14.0 14.0
14.0 14.0 14.0 14.0 14.0 14.0
14.0 14.0 14.0 14.0 14.0 14.0
14.0 14.0 14.0 14.0 14.0 14.0
14.0 14.0 14.0 14.0 14.0 14.0
14.0 14.0 14.0 14.0 14.0 14.0
14.0 14.0 14.0 14.0 14.0 14.0
14.0 14.0 14.0 14.0 14.0 14.0
14.0 14.0 14.0 14.0 14.0 14.0
14.0 14.0 14.0 14.0 14.0 14.0
14.0 14.0 14.0 14.0 14.0 14.0
14.0 14.0 14.0 14.0 14.0 14.0
14.0 14.0 14.0 14.0 14.0 14.0
14.0 14.0 14.0 14.0 14.0 14.0
14.0 14.0 14.0 14.0 14.0 14.0
14.0 14.0 14.0 14.0 14.0 14.0
14.0 14.0 14.0 14.0 14.0 14.0
14.0 14.0 14.0 14.0 14.0 14.0
14.0 14.0 14.0 14.0 14.0 14.0
14.0 14.0 14.0 14.0 14.0 14.0
14.0 14.0 14.0 14.0 14.0 14.0
14.0 14.0 14.0 14.0 14.0 14.0
14.0 14.0 14.0 14.0 14.0 14.0
14.0 14.0 14.0 14.0 14.0 14.0
14.0 14.0 14.0 14.0 14.0 14.0
14.0 14.0 14.0 14.0 14.0 14.0
14.0 14.0 14.0 14.0 14.0 14.0
14.0 14.0 14.0 14.0 14.0 14.0
14.0 14.0 14.0 14.0 14.0 14.0
14.0 14.0 14.0 14.0 14.0 14.0
14.0 14.0 14.0 14.0 14.0 14.0
14.0 14.0 14.0 14.0 14.0 14.0
14.0 14.0 14.0 14.0 14.0 14.0
14.0 14.0 14.0 14.0 14.0 14.0
14.0 14.0 14.0 14.0 14.0 14.0
14.0 14.0 14.0 14.0 14.0 14.0
14.0 14.0 14.0 14.0 14.0 14.0
14.0 14.0 14.0 14.0 14.0 14.0
14.0 14.0 14.0 14.0 14.0 14.0
14.0 14.0 14.0 14.0 14.0 14.0
14.0 14.0 14.0 14.0 14.0 14.0
14.0 14.0 14.0 14.0 14.0 14.0
14.0 14.0 14.0 14.0 14.0 14.0
14.0 14.0 14.0 14.0 14.0 14.0
14.0 14.0 14.0 14.0 14.0 14.0
14.0 14.0 14.0 14.0 14.0 14.0
14.0 14.0 14.0 14.0 14.0 14.0
14.0 14.0 14.0 14.0 14.0 14.0
14.0 14.0 14.0 14.0 14.0 14.0
14.0 14.0 14.0 14.0 14.0 14.0
14.0 14.0 14.0 14.0 14.0 14.0
14.0 14.0 14.0 14.0 14.0 14.0
14.0 14.0 14.0 14.0 14.0 14.0
14.0 14.0 14.0 14.0 14.0 14.0
14.0 14.0 14.0 14.0 14.0 14.0
14.0 14.0 14.0 14.0 14.0 14.0
14.0 14.0 14.0 14.0 14.0 14.0
14.0 14.0 14.0 14.0 14.0 14.0
14.0 14.0 14.0 14.0 14.0 14.0
14.0 14.0 14.0 14.0 14.0 14.0
14.0 14.0 14.0 14.0 14.0 14.0
14.0 14.0 14.0 14.0 14.0 14.0
14.0 14.0 14.0 14.0 14.0 14.0
14.0 14.0 14.0 14.0 14.0 14.0
14.0 14.0 14.0 14.0 14.0 14.0
14.0 14.0 14.0 14.0 14.0 14.0
14.0 14.0 14.0 14.0 14.0 14.0
14.0 14.0 14.0 14.0 14.0 14.0
14.0 14.0 14.0 14.0 14.0 14.0
14.0 14.0 14.0 14.0 14.0 14.0
14.0 14.0 14.0 14.0 14.0 14.0
14.0 14.0 14.0 14.0 14.0 14.0
14.0 14.0 14.0 14.0 14.0 14.0
14.0 14.0 14.0 14.0 14.0 14.0
14.0 14.0 14.0 14.0 14.0 14.0
14.0 14.0 14.0 14.0 14.0 14.0
14.0 14.0 14.0 14.0 14.0 14.0
14.0 14.0 14.0 14.0 14.0 14.0
14.0 14.0 14.0 14.0 14.0 14.0
14.0 14.0 14.0 14.0 14.0 14.0
14.0 14.0 14.0 14.0 14.0 14.0
14.0 14.0 14.0 14.0 14.0 14.0
14.0 14.0 14.0 14.0 14.0 14.0
14.0 14.0 14.0 14.0 14.0 14.0
14.0 14.0 14.0 14.0 14.0 14.0
14.0 14.0 14.0 14.0 14.0 14.0
14.0 14.0 14.0 14.0 14.0 14.0
14.0 14.0 14.0 14.0 14.0 14.0
14.0 14.0 14.0 14.0 14.0 14.0
14.0 14.0 14.0 14.0 14.0 14.0
14.0 14.0 14.0 14.0 14.0 14.0
14.0 14.0 14.0 14.0 14.0 14.0
14.0 14.0 14.0 14.0 14.0 14.0
14.0 14.0 14.0 14.0 14.0 14.0
14.0 14.0 14.0 14.0 14.0 14.0
14.0 14.0 14.0 14.0 14.0 14.0
14.0 14.0 14.0 14.0 14.0 14.0
14.0 14.0 14.0 14.0 14.0 14.0
14.0 14.0 14.0 14.0 14.0 14.0
14.0 14.0 14.0 14.0 14.0 14.0
14.0 14.0 14.0 14.0 14.0 14.0
14.0 14.0 14.0 14.0 14.0 14.0
14.0 14.0 14.0 14.0 14.0 14.0
14.0 14.0 14.0 14.0 14.0 14.0
14.0 14.0 14.0 14.0 14.0 14.0
14.0 14.0 14.0 14.0 14.0 14.0
14.0 14.0 14.0 14.0 14.0 14.0
14.0 14.0 14.0 14.0 14.0 14.0
14.0 14.0 14.0 14.0 14.0 14.0
14.0 14.0 14.0 14.0 14.0 14.0
14.0 14.0 14.0 14.0 14.0 14.0
14.0 14.0 14.0 14.0 14.0 14.0
14.0 14.0 14.0 14.0 14.0 14.0
14.0 14.0 14.0 14.0 14.0 14.0
14.0 14.0 14.0 14.0 14.0 14.0
14.0 14.0 14.0 14.0 14.0 14.0
14.0 14.0 14.0 14.0 14.0 14.0
14.0 14.0 14.0 14.0 14.0 14.0
14.0 14.0 14.0 14.0 14.0 14.0
14.0 14.0 14.0 14.0 14.0 14.0
14.0 14.0 14.0 14.0 14.0 14.0
14.0 14.0 14.0 14.0 14.0 14.0
14.0 14.0 14.0 14.0 14.0 14.0
14.0 14.0 14.0 14.0 14.0 14.0
14.0 14.0 14.0 14.0 14.0 14.0
14.0 14.0 14.0 14.0 14.0 14.0
14.0 14.0 14.0 14.0 14.0 14.0
14.0 14.0 14.0 14.0 14.0 14.0
14.0 14.0 14.0 14.0 14.0 14.0
14.0 14.0 14.0 14.0 14.0 14.0
14.0 14.0 14.0 14.0 14.0 14.0
14.0 14.0 14.0 14.0 14.0 14.0
14.0 14.0 14.0 14.0 14.0 14.0
14.0 14.0 14.0 14.0 14.0 14.0
14.0 14.0 14.0 14.0 14.0 14.0
14.0 14.0 14.0 14.0 14.0 14.0
14.0 14.0 14.0 14.0 14.0 14.0
14.0 14.0 14.0 14.0 14.0 14.0
14.0 14.0 14.0 14.0 14.0 14.0
14.0 14.0 14.0 14.0 14.0 14.0
14.0 14.0 14.0 14.0 14.0 14.0
14.0 14.0 14.0 14.0 14.0 14.0
14.0 14.0 14.0 14.0 14.0 14.0
14.0 14.0 14.0 14.0 14.0 14.0
14.0 14.0 14.0 14.0 14.0 14.0
14.0 14.0 14.0 14.0 14.0 14.0
14.0 14.0 14.0 14.0 14.0 14.0
14.0 14.0 14.0 14.0 14.0 14.0
14.0 14.0 14.0 14.0 14.0 14.0
14.0 14.0 14.0 14.0 14.0 14.0
14.0 14.0 14.0 14.0 14.0 14.0
14.0 14.0 14.0 14.0 14.0 14.0
14.0 14.0 14.0 14.0 14.0 14.0
14.0 14.0 14.0 14.0 14.0 14.0
14.0 14.0 14.0 14.0 14.0 14.0
14.0 14.0 14.0 14.0 14.0 14.0
14.0 14.0 14.0 14.0 14.0 14.0
14.0 14.0 14.0 14.0 14.0 14.0
14.0 14.0 14.0 14.0 14.0 14.0
14.0 14.0 14.0 14.0 14.0 14.0
14.0 14.0 14.0 14.0 14.0 14.0
14.0 14.0 14.0 14.0 14.0 14.0
14.0 14.0 14.0 14.0 14.0 14.0
14.0 14.0 14.0 14.0 14.0 14.0
14.0 14.0 14.0 14.0 14.0 14.0
14.0 14.0 14.0 14.0 14.0 14.0
14.0 14.0 14.0 14.0 14.0 14.0
14.0 14.0 14.0 14.0 14.0 14.0
14.0 14.0 14.0 14.0 14.0 14.0
14.0 14.0 14.0 14.0 14.0 14.0
14.0 14.0 14.0 14.0 14.0 14.0
14.0 14.0 14.0 14.0 14.0 14.0
14.0 14.0 14.0 14.0 14.0 14.0
14.0 14.0 14.0 14.0 14.0 14.0
14.0 14.0 14.0 14.0 14.0 14.0
14.0 14.0 14.0 14.0 14.0 14.0
14.0 14.0 14.0 14.0 14.0 14.0
14.0 14.0 14.0 14.0 14.0 14.0
14.0 14.0 14.0 14.0 14.0 14.0
14.0 14.0 14.0 14.0 14.0 14.0
14.0 14.0 14.0 14.0 14.0 14.0
14.0 14.0 14.0 14.0 14.0 14.0
14.0 14.0 14.0 14.0 14.0 14.0
14.0 14.0 14.0 14.0 14.0 14.0
14.0 14.0 14.0 14.0 14.0 14.0
14.0 14.0 14.0 14.0 14.0 14.0
14.0 14.0 14.0 14.0 14.0 14.0
14.0 14.0 14.0 14.0 14.0 14.0
14.0 14.0 14.0 14.0 14.0 14.0
14.0 14.0 14.0 14.0 14.0 14.0
14.0 14.0 14.0 14.0 14.0 14.0
14.0 14.0 14.0 14.0 14.0 14.0
14.0 14.0 14.0 14.0 14.0 14.0
14.0 14.0 14.0 14.0 14.0 14.0
14.0 14.0 14.0 14.0 14.0 14.0
14.0 14.0 14.0 14.0 14.0 14.0
14.0 14.0 14.0 14.0 14.0 14.0
14.0 14.0 14.0 14.0 14.0 14.0
14.0 14.0 14.0 14.0 14.0 14.0
14.0 14.0 14.0 14.0 14.0 14.0
14.0 14.0 14.0 14.0 14.0 14.0
14.0 14.0 14.0 14.0 14.0 14.0
0 0 0 0 0 0
0 0 0 0 0 0
0 0 0 0 0 0
0 0 0 0 0 0
0 0 0 0 0 0
0 0 0 0 0 0
0 0 0 0 0 0
0 0 0 0 0 0
0 0 0 0 0 0
0 0 0 0 0 0
0 0 0 0 0 0
0 0 0 0 0 0
0 0 0 0 0 0
0 0 0 0 0 0
0 0 0 0 0 0
mind
14 24 36 38 46 10 27 16 51 8 36 9 27 34 10 53 27 50 7 49 13 9 60 26 60 54 40 16 57 35 60 6 49 28 4 4 19 46 19 50 15 19 56 46 28 24 30 24 7 49 53 20 40 0 0 0 0 0 0 0 0 0 0 0 55 15 24 26 46 55 18 56 29 58 7 58 25
maxd
28 48 72 76 92 20 54 32 102 16 72 18 54 68 20 106 54 100 14 98 26 18 120 52 120 108 80 32 114 70 120 12 98 56 8 8 38 92 38 100 30 38 112 92 56 48 60 48 14 98 106 40 80 0 0 0 0 0 0 0 0 0 0 0 110 30 48 52 92 110 36 112 58 116 14 116 50
e
0  345 268 247 393 254 184 434 46 298 148 409 73 157 63 282 274 152 222 276 29 416 332 190 59 434 239 178 473 477 422 85 454 0 286 323 435 129 420 315 434 295 20 37 417 117 432 60 288 100 77 412 93 476 135 456 145 398 469 344 164 240 151 286 363 118 396 308 274 425 128 259 436 295 418 402 0
l
600  465 388 367 513 374 304 554 166 418 268 529 193 277 183 402 394 272 342 396 149 536 452 310 179 554 359 298 593 597 542 205 574 120 406 443 555 249 540 435 554 415 140 157 537 237 552 180 408 220 197 532 213 596 255 576 265 518 589 464 284 360 271 406 483 238 516 428 394 545 248 379 556 415 538 522 1000
