nbNodes
12
nbVehi
3
nbServi
6
r
1 1 1 1 1 1
0 0 0 1 0 0
0 0 0 0 1 0
0 1 0 0 0 0
0 0 0 1 0 0
0 0 1 0 0 0
0 0 0 0 1 0
0 0 1 0 0 0
0 0 0 0 1 1
1 0 0 1 0 0
0 0 1 0 0 1
1 1 1 1 1 1
DS
11 10 9
a
1  1  1  0  0  0
0  0  0  0  1  1
0  0  0  1  1  1
x
85 47 54 34 78 69 17 62 92 96 0 85
y
26 32 10 49 24 9 48 3 37 2 0 26
d
0.0 38.470768 34.88553 55.946404 7.28011 23.345236 71.470276 32.526913 13.038404 26.400757 88.88757 0.0
38.470768 0.0 23.086792 21.400934 32.01562 31.827662 34.0 32.649654 45.276924 57.45433 56.859474 38.470768
34.88553 23.086792 0.0 43.829212 27.784887 15.033297 53.037724 10.630146 46.615448 42.755116 54.91812 34.88553
55.946404 21.400934 43.829212 0.0 50.606323 53.15073 17.029387 53.851646 59.22837 77.801025 59.64059 55.946404
7.28011 32.01562 27.784887 50.606323 0.0 17.492855 65.551506 26.400757 19.104973 28.42534 81.608826 7.28011
23.345236 31.827662 15.033297 53.15073 17.492855 0.0 65.0 9.219544 36.23534 27.89265 69.58448 23.345236
71.470276 34.0 53.037724 17.029387 65.551506 65.0 0.0 63.63961 75.802376 91.416626 50.92151 71.470276
32.526913 32.649654 10.630146 53.851646 26.400757 9.219544 63.63961 0.0 45.343136 34.0147 62.072536 32.526913
13.038404 45.276924 46.615448 59.22837 19.104973 36.23534 75.802376 45.343136 0.0 35.22783 99.16148 13.038404
26.400757 57.45433 42.755116 77.801025 28.42534 27.89265 91.416626 34.0147 35.22783 0.0 96.02083 26.400757
88.88757 56.859474 54.91812 59.64059 81.608826 69.58448 50.92151 62.072536 99.16148 96.02083 0.0 88.88757
0.0 38.470768 34.88553 55.946404 7.28011 23.345236 71.470276 32.526913 13.038404 26.400757 88.88757 0.0
p
0 0 0 0 0 0
0 0 0 0 0 0
0 0 0 0 0 0
14.0 14.0 14.0 14.0 14.0 14.0
14.0 14.0 14.0 14.0 14.0 14.0
14.0 14.0 14.0 14.0 14.0 14.0
14.0 14.0 14.0 14.0 14.0 14.0
14.0 14.0 14.0 14.0 14.0 14.0
14.0 14.0 14.0 14.0 14.0 14.0
14.0 14.0 14.0 14.0 14.0 14.0
14.0 14.0 14.0 14.0 14.0 14.0
14.0 14.0 14.0 14.0 14.0 14.0
14.0 14.0 14.0 14.0 14.0 14.0
14.0 14.0 14.0 14.0 14.0 14.0
14.0 14.0 14.0 14.0 14.0 14.0
14.0 14.0 14.0 14.0 14.0 14.0
14.0 14.0 14.0 14.0 14.0 14.0
14.0 14.0 14.0 14.0 14.0 14.0
14.0 14.0 14.0 14.0 14.0 14.0
14.0 14.0 14.0 14.0 14.0 14.0
14.0 14.0 14.0 14.0 14.0 14.0
14.0 14.0 14.0 14.0 14.0 14.0
14.0 14.0 14.0 14.0 14.0 14.0
14.0 14.0 14.0 14.0 14.0 14.0
14.0 14.0 14.0 14.0 14.0 14.0
14.0 14.0 14.0 14.0 14.0 14.0
14.0 14.0 14.0 14.0 14.0 14.0
14.0 14.0 14.0 14.0 14.0 14.0
14.0 14.0 14.0 14.0 14.0 14.0
14.0 14.0 14.0 14.0 14.0 14.0
14.0 14.0 14.0 14.0 14.0 14.0
14.0 14.0 14.0 14.0 14.0 14.0
14.0 14.0 14.0 14.0 14.0 14.0
0 0 0 0 0 0
0 0 0 0 0 0
0 0 0 0 0 0
mind
14 24 36 38 46 10 27 16 0 51 8 36
maxd
28 48 72 76 92 20 54 32 0 102 16 72
e
0  345 268 247 393 254 184 434 46 298 148 0
l
600  465 388 367 513 374 304 554 166 418 268 1000
