nbNodes
12
nbVehi
3
nbServi
6
r
1 1 1 1 1 1
0 0 0 0 1 0
0 0 0 0 1 0
0 0 0 0 1 0
0 1 0 0 0 0
1 0 0 0 0 0
0 0 1 0 0 0
0 0 0 1 0 0
0 0 0 0 1 1
1 0 0 1 0 0
0 1 0 1 0 0
1 1 1 1 1 1
DS
11 10 9
a
1  1  1  0  0  0
0  0  0  0  0  1
0  0  0  1  1  1
x
64 30 72 31 53 54 82 28 2 83 0 64
y
8 1 18 10 29 47 15 15 49 9 0 8
d
0.0 34.713108 12.806249 33.06055 23.70654 40.261642 19.313208 36.67424 74.330345 19.026299 64.49806 0.0
34.713108 0.0 45.310043 9.055386 36.23534 51.884487 53.851646 14.142136 55.569775 53.600372 30.016663 34.713108
12.806249 45.310043 0.0 41.773197 21.954498 34.132095 10.440307 44.102154 76.55717 14.21267 74.215904 12.806249
33.06055 9.055386 41.773197 0.0 29.068884 43.56604 51.24451 5.8309517 48.60041 52.009613 32.572994 33.06055
23.70654 36.23534 21.954498 29.068884 0.0 18.027756 32.202484 28.653097 54.781384 36.05551 60.41523 23.70654
40.261642 51.884487 34.132095 43.56604 18.027756 0.0 42.520584 41.231056 52.03845 47.801674 71.5891 40.261642
19.313208 53.851646 10.440307 51.24451 32.202484 42.520584 0.0 54.0 86.925255 6.0827627 83.360664 19.313208
36.67424 14.142136 44.102154 5.8309517 28.653097 41.231056 54.0 0.0 42.80187 55.326305 31.764761 36.67424
74.330345 55.569775 76.55717 48.60041 54.781384 52.03845 86.925255 42.80187 0.0 90.33826 49.0408 74.330345
19.026299 53.600372 14.21267 52.009613 36.05551 47.801674 6.0827627 55.326305 90.33826 0.0 83.48653 19.026299
64.49806 30.016663 74.215904 32.572994 60.41523 71.5891 83.360664 31.764761 49.0408 83.48653 0.0 64.49806
0.0 34.713108 12.806249 33.06055 23.70654 40.261642 19.313208 36.67424 74.330345 19.026299 64.49806 0.0
p
0 0 0 0 0 0
0 0 0 0 0 0
0 0 0 0 0 0
13.0 13.0 13.0 13.0 13.0 13.0
13.0 13.0 13.0 13.0 13.0 13.0
13.0 13.0 13.0 13.0 13.0 13.0
13.0 13.0 13.0 13.0 13.0 13.0
13.0 13.0 13.0 13.0 13.0 13.0
13.0 13.0 13.0 13.0 13.0 13.0
13.0 13.0 13.0 13.0 13.0 13.0
13.0 13.0 13.0 13.0 13.0 13.0
13.0 13.0 13.0 13.0 13.0 13.0
13.0 13.0 13.0 13.0 13.0 13.0
13.0 13.0 13.0 13.0 13.0 13.0
13.0 13.0 13.0 13.0 13.0 13.0
13.0 13.0 13.0 13.0 13.0 13.0
13.0 13.0 13.0 13.0 13.0 13.0
13.0 13.0 13.0 13.0 13.0 13.0
13.0 13.0 13.0 13.0 13.0 13.0
13.0 13.0 13.0 13.0 13.0 13.0
13.0 13.0 13.0 13.0 13.0 13.0
13.0 13.0 13.0 13.0 13.0 13.0
13.0 13.0 13.0 13.0 13.0 13.0
13.0 13.0 13.0 13.0 13.0 13.0
13.0 13.0 13.0 13.0 13.0 13.0
13.0 13.0 13.0 13.0 13.0 13.0
13.0 13.0 13.0 13.0 13.0 13.0
13.0 13.0 13.0 13.0 13.0 13.0
13.0 13.0 13.0 13.0 13.0 13.0
13.0 13.0 13.0 13.0 13.0 13.0
13.0 13.0 13.0 13.0 13.0 13.0
13.0 13.0 13.0 13.0 13.0 13.0
13.0 13.0 13.0 13.0 13.0 13.0
0 0 0 0 0 0
0 0 0 0 0 0
0 0 0 0 0 0
mind
29 47 31 5 36 26 9 24 0 48 33 17
maxd
58 94 62 10 72 52 18 48 0 96 66 34
e
0  124 316 370 301 372 278 51 11 413 0 0
l
600  244 436 490 421 492 398 171 131 533 120 1000
