nbNodes
77
nbVehi
15
nbServi
6
r
1 1 1 1 1 1
0 0 0 0 1 0
1 0 0 0 0 0
0 0 1 0 0 0
0 1 0 0 0 0
0 0 0 1 0 0
1 0 0 0 0 0
1 0 0 0 0 0
0 0 0 1 0 0
0 1 0 0 0 0
1 0 0 0 0 0
0 0 1 0 0 0
0 0 1 0 0 0
0 0 0 0 1 0
1 0 0 0 0 0
0 0 1 0 0 0
0 0 1 0 0 0
0 1 0 0 0 0
0 0 0 1 0 0
0 0 1 0 0 0
0 0 0 0 0 1
1 0 0 0 0 0
0 0 0 1 0 0
0 0 0 0 0 1
0 0 0 0 1 0
0 0 0 0 1 0
1 0 0 0 0 0
0 0 0 0 1 0
0 0 0 0 0 1
0 0 0 1 0 0
0 0 0 0 1 0
0 1 0 0 0 0
1 0 0 0 0 0
0 1 0 0 0 0
0 0 1 0 0 0
0 0 0 0 1 0
0 0 1 0 0 0
0 0 0 1 0 0
0 1 0 0 0 0
0 1 0 0 0 0
0 0 1 0 0 0
0 0 1 0 0 0
0 1 0 0 0 0
0 0 1 0 0 0
0 1 0 0 0 0
1 0 0 0 0 0
1 0 0 0 0 0
0 0 0 0 1 0
0 0 0 1 0 0
0 0 0 0 1 0
0 0 0 0 0 1
0 0 0 0 0 1
0 0 0 0 1 0
0 0 0 0 1 1
0 0 0 1 1 0
0 0 0 0 1 1
0 0 0 1 1 0
0 0 0 1 1 0
0 0 0 0 1 1
0 0 0 0 1 1
0 0 0 1 1 0
0 0 0 1 0 1
0 0 0 1 1 0
0 0 0 1 1 0
1 0 0 0 1 0
1 0 0 0 1 0
0 1 0 1 0 0
0 1 0 1 0 0
0 0 1 0 0 1
1 0 0 0 1 0
1 0 0 0 0 1
1 0 0 0 1 0
0 0 1 0 1 0
0 1 0 0 0 1
1 0 0 1 0 0
0 0 1 1 0 0
1 1 1 1 1 1
DS
76 75 74 73 72 71 70 69 68 67 66 65 64 63 62 61 60 59 58 57 56 55 54
a
1  1  1  0  0  0
0  1  0  0  0  0
1  0  0  0  0  0
0  1  1  0  0  0
0  1  0  0  0  0
0  0  0  1  1  1
0  0  0  1  0  0
0  0  0  0  1  1
0  0  0  1  0  0
0  0  0  1  1  0
0  0  0  0  0  1
0  0  0  0  1  1
0  0  0  1  1  1
0  0  0  1  1  1
0  0  0  1  1  1
x
8 40 89 6 47 94 34 14 67 30 78 99 56 62 53 79 7 30 97 67 2 58 42 34 36 59 98 99 58 70 14 94 34 38 94 91 35 33 8 5 31 72 46 8 35 86 3 43 70 96 9 22 18 24 57 56 45 28 57 17 0 63 24 9 7 81 97 35 99 1 24 38 53 85 75 0 8
y
21 43 45 26 20 37 36 49 2 11 18 24 13 41 27 29 14 26 43 49 38 32 2 7 4 0 27 17 14 26 1 11 15 41 6 14 9 19 30 22 29 28 15 7 47 39 30 22 36 3 1 29 41 16 9 35 15 15 31 49 25 2 16 31 32 17 9 44 28 17 22 2 10 7 10 0 21
d
0.0 38.832977 84.48077 5.3851647 39.012817 87.47571 30.016663 28.635643 61.983868 24.166092 70.064255 91.04944 48.6621 57.58472 45.39824 71.44928 7.071068 22.561028 91.67879 65.30697 18.027756 51.1957 38.948685 29.529646 32.75668 55.154327 90.199776 91.08787 50.48762 62.201286 20.880613 86.579445 26.683329 36.05551 87.29834 83.294655 29.546574 25.079872 9.0 3.1622777 24.351591 64.381676 38.470768 14.0 37.48333 80.04999 10.29563 35.014282 63.788715 89.822044 20.024984 16.124516 22.36068 16.763054 50.447994 50.0 37.48333 20.880613 50.01 29.410883 8.944272 58.189346 16.763054 10.049875 11.045361 73.109505 89.80534 35.468296 91.26884 8.062258 16.03122 35.510563 46.32494 78.26238 67.89698 22.472204 0.0
38.832977 0.0 49.0408 38.013157 24.04163 54.33231 9.219544 26.683329 49.09175 33.526108 45.486263 61.983868 34.0 22.090721 20.615528 41.4367 43.931767 19.723083 57.0 27.658634 38.327538 21.095022 41.04875 36.496574 39.20459 47.010635 60.166435 64.4748 34.132095 34.48188 49.396355 62.76942 28.635643 2.828427 65.459915 58.66856 34.36568 25.0 34.539833 40.81666 16.643316 35.341194 28.635643 48.166378 6.4031243 46.173584 39.217342 21.213203 30.805843 68.8186 52.201534 22.803509 22.090721 31.38471 38.013157 17.888544 28.442924 30.463093 20.808653 23.769728 43.863426 47.010635 31.38471 33.24154 34.785053 48.548943 66.37017 5.0990195 60.876926 46.872166 26.400757 41.04875 35.468296 57.628117 48.104053 58.728188 38.832977
84.48077 49.0408 0.0 85.146935 48.8774 9.433981 55.7315 75.10659 48.30114 68.09552 29.15476 23.259407 45.96738 27.294687 40.24922 18.867962 87.66413 61.983868 8.246211 22.36068 87.28116 33.61547 63.702435 66.85058 67.00746 54.08327 20.12461 29.732138 43.840622 26.870058 86.95401 34.36568 62.649822 51.156624 39.319206 31.06445 64.899925 61.741398 82.37718 87.0919 60.166435 24.04163 52.43091 89.470665 54.037025 6.708204 87.29834 51.42956 21.023796 42.579338 91.3017 68.88396 71.11259 71.17584 48.166378 34.48188 53.25411 67.977936 34.928497 72.11102 91.21951 50.24938 71.17584 81.21576 83.02409 29.12044 36.878178 54.00926 19.723083 92.34717 68.94926 66.70832 50.20956 38.209946 37.696156 99.72964 84.48077
5.3851647 38.013157 85.146935 0.0 41.4367 88.68484 29.732138 24.351591 65.551506 28.301943 72.443085 93.0215 51.662365 57.974133 47.010635 73.061615 12.0415945 24.0 92.574295 65.192024 12.649111 52.34501 43.266617 33.83785 37.202152 59.03389 92.00543 93.43447 53.366657 64.0 26.24881 89.26926 30.083218 35.341194 90.24411 85.84288 33.61547 27.89265 4.472136 4.1231055 25.179358 66.0303 41.484936 19.104973 35.805027 81.04937 5.0 37.215588 64.77654 92.89241 25.179358 16.27882 19.209373 20.59126 53.75872 50.803543 40.5216 24.596748 51.24451 25.495098 6.0827627 61.846584 20.59126 5.8309517 6.0827627 75.53807 92.574295 34.132095 93.0215 10.29563 18.439089 40.0 49.648766 81.25269 70.83079 26.683329 5.3851647
39.012817 24.04163 48.8774 41.4367 0.0 49.979996 20.615528 43.931767 26.907248 19.235384 31.06445 52.153618 11.401754 25.806976 9.219544 33.24154 40.4475 18.027756 55.03635 35.22783 48.466484 16.27882 18.681541 18.384777 19.416489 23.323807 51.47815 52.086468 12.529964 23.769728 38.078865 47.853943 13.928389 22.847319 49.0408 44.407207 16.27882 14.035668 40.261642 42.047592 18.35756 26.24881 5.0990195 41.109608 29.546574 43.382023 45.122055 4.472136 28.01785 51.86521 42.48529 26.57066 35.805027 23.345236 14.866069 17.492855 5.3851647 19.646883 14.866069 41.725292 47.26521 24.083189 23.345236 39.56008 41.761227 34.132095 51.1957 26.832815 52.611786 46.09772 23.086792 20.12461 11.661903 40.16217 29.732138 51.078373 39.012817
87.47571 54.33231 9.433981 88.68484 49.979996 0.0 60.00833 80.895 44.20407 69.079666 24.839485 13.928389 44.94441 32.24903 42.201897 17.0 89.98889 64.93843 6.708204 29.546574 92.00543 36.345562 62.681736 67.08204 66.730804 50.931328 10.770329 20.615528 42.72002 26.400757 87.72685 26.0 63.90618 56.142673 31.0 23.194826 65.30697 63.600315 86.28442 90.255196 63.505905 23.769728 52.801514 91.08238 59.841457 8.246211 91.26884 53.160137 24.020824 34.058773 92.309265 72.443085 76.105194 73.082146 46.400433 38.052597 53.712196 69.57011 37.48333 77.92946 94.76286 46.75468 73.082146 85.2115 87.14356 23.853722 28.160255 59.413803 10.29563 95.12623 71.5891 66.037865 49.09175 31.320919 33.01515 101.0198 87.47571
30.016663 9.219544 55.7315 29.732138 20.615528 60.00833 0.0 23.853722 47.38143 25.317978 47.539455 66.09841 31.827662 28.442924 21.023796 45.54119 34.828148 10.770329 63.387695 35.468296 32.06244 24.33105 34.928497 29.0 32.06244 43.829212 64.629715 67.72001 32.55764 37.363083 40.311287 65.0 21.0 6.4031243 67.08204 61.09828 27.018513 17.029387 26.683329 32.202484 7.615773 38.832977 24.186773 38.948685 11.045361 52.086468 31.575306 16.643316 36.0 70.23532 43.011627 13.892444 16.763054 22.36068 35.468296 22.022715 23.70654 21.84033 23.537205 21.400934 35.735138 44.687805 22.36068 25.495098 27.294687 50.695168 68.54196 8.062258 65.490456 38.078865 17.20465 34.234486 32.202484 58.66856 48.548943 49.517673 30.016663
28.635643 26.683329 75.10659 24.351591 43.931767 80.895 23.853722 0.0 70.837845 41.231056 71.11259 88.60023 55.31727 48.6621 44.777225 68.007355 35.69314 28.01785 83.21658 53.0 16.27882 47.169907 54.708317 46.518814 50.08992 66.52819 86.833176 90.824005 56.22277 60.53924 48.0 88.56636 39.446167 25.298222 90.824005 84.58132 45.17743 35.510563 19.924858 28.460499 26.24881 61.68468 46.69047 42.426407 21.095022 72.691124 21.954498 39.623226 57.48913 94.02127 48.259712 21.540659 8.944272 34.48188 58.728188 44.27189 46.010868 36.769554 46.615448 3.0 27.784887 67.89698 34.48188 18.681541 18.384777 74.24958 92.13577 21.587032 87.555695 34.539833 28.79236 52.773098 55.154327 82.492424 72.40166 50.96077 28.635643
61.983868 49.09175 48.30114 65.551506 26.907248 44.20407 47.38143 70.837845 0.0 38.078865 19.416489 38.832977 15.556349 39.319206 28.653097 29.546574 61.188232 44.102154 50.803543 47.0 74.30343 31.320919 25.0 33.37664 31.06445 8.246211 39.824615 35.341194 15.0 24.186773 53.009434 28.460499 35.468296 48.60041 27.294687 26.832815 32.75668 38.013157 65.30697 65.14599 45.0 26.476404 24.698177 59.211487 55.21775 41.59327 69.856995 31.241 34.132095 29.017237 58.00862 52.478565 62.625874 45.221676 12.206555 34.785053 25.553865 41.109608 30.675724 68.622154 70.837845 4.0 45.221676 64.84597 67.08204 20.518284 30.805843 52.801514 41.231056 67.68308 47.423622 29.0 16.124516 18.681541 11.313708 67.02985 61.983868
24.166092 33.526108 68.09552 28.301943 19.235384 69.079666 25.317978 41.231056 38.078865 0.0 48.507732 70.21396 26.076809 43.863426 28.01785 52.201534 23.194826 15.0 74.24958 53.037724 38.8973 35.0 15.0 5.656854 9.219544 31.016125 69.856995 69.260376 28.160255 42.72002 18.867962 64.0 5.656854 31.04835 64.195015 61.073727 5.3851647 8.5440035 29.068884 27.313 18.027756 45.310043 16.492422 22.36068 36.345562 62.609905 33.01515 17.029387 47.169907 66.48308 23.259407 19.697716 32.31099 7.81025 27.073973 35.383614 15.524175 4.472136 33.600594 40.16217 33.105892 34.20526 7.81025 29.0 31.144823 51.351727 67.02985 33.37664 71.063354 29.614185 12.529964 12.0415945 23.021729 55.145264 45.01111 31.95309 24.166092
70.064255 45.486263 29.15476 72.443085 31.06445 24.839485 47.539455 71.11259 19.416489 48.507732 0.0 21.84033 22.561028 28.01785 26.57066 11.045361 71.11259 48.6621 31.400637 32.89377 78.58753 24.41311 39.39543 45.35416 44.27189 26.172504 21.931713 21.023796 20.396078 11.313708 66.21933 17.464249 44.102154 46.141087 20.0 13.601471 43.931767 45.01111 71.021126 73.109505 48.270073 11.661903 32.140316 70.85902 51.86521 22.472204 75.95393 35.22783 19.697716 23.43075 71.063354 57.070133 64.25729 54.037025 22.847319 27.802877 33.13608 50.08992 24.698177 68.42514 78.31347 21.931713 54.037025 70.21396 72.36712 3.1622777 21.023796 50.24938 23.259407 77.00649 54.147945 43.081318 26.24881 13.038404 8.5440035 80.04999 70.064255
91.04944 61.983868 23.259407 93.0215 52.153618 13.928389 66.09841 88.60023 38.832977 70.21396 21.84033 0.0 44.38468 40.718548 46.09772 20.615528 92.541885 69.02898 19.104973 40.60788 98.005104 41.773197 61.09828 67.18631 66.09841 46.647614 3.1622777 7.0 42.201897 29.068884 88.0568 13.928389 65.62012 63.324562 18.681541 12.806249 65.734314 66.189125 91.197586 94.02127 68.18358 27.294687 53.75872 92.574295 68.007355 19.849434 96.18732 56.0357 31.38471 21.213203 92.89241 77.16217 82.764725 75.42546 44.598206 44.38468 54.74486 71.568146 42.579338 85.72631 99.00505 42.190044 75.42546 90.27181 92.34717 19.313208 15.132746 67.052216 4.0 98.24968 75.026665 64.84597 48.08326 22.022715 27.784887 101.86756 91.04944
48.6621 34.0 45.96738 51.662365 11.401754 44.94441 31.827662 55.31727 15.556349 26.076809 22.561028 44.38468 0.0 28.635643 14.3178215 28.01785 49.010204 29.068884 50.803543 37.64306 59.5063 19.104973 17.804493 22.803509 21.931713 13.341664 44.27189 43.185646 2.236068 19.104973 43.68066 38.052597 22.090721 33.286633 38.63936 35.014282 21.377558 23.769728 50.92151 51.78803 29.681644 21.931713 10.198039 48.373547 39.962482 39.698868 55.65968 15.811388 26.925823 41.231056 48.507732 37.576588 47.201694 32.140316 4.1231055 22.0 11.18034 28.071337 18.027756 53.075417 57.271286 13.038404 32.140316 50.32892 52.554733 25.317978 41.19466 37.44329 45.54119 55.145264 33.24154 21.095022 4.2426405 29.614185 19.235384 57.48913 48.6621
57.58472 22.090721 27.294687 57.974133 25.806976 32.24903 28.442924 48.6621 39.319206 43.863426 28.01785 40.718548 28.635643 0.0 16.643316 20.808653 61.269894 35.341194 35.057095 9.433981 60.074955 9.848858 43.829212 44.04543 45.221676 41.109608 38.626415 44.102154 27.294687 17.0 62.482 43.863426 38.209946 24.0 47.423622 39.623226 41.868843 36.40055 55.108982 60.083275 33.24154 16.40122 30.528675 63.812225 27.658634 24.083189 60.016663 26.870058 9.433981 50.990196 66.4003 41.761227 44.0 45.486263 32.38827 8.485281 31.06445 42.80187 11.18034 45.705578 64.03124 39.012817 45.486263 53.935146 55.7315 30.610456 47.423622 27.166155 39.217342 65.551506 42.48529 45.79301 32.280025 41.04875 33.61547 74.330345 57.58472
45.39824 20.615528 40.24922 47.010635 9.219544 42.201897 21.023796 44.777225 28.653097 28.01785 26.57066 46.09772 14.3178215 16.643316 0.0 26.076809 47.801674 23.021729 46.818798 26.076809 52.17279 7.071068 27.313 27.58623 28.600698 27.658634 45.0 47.07441 13.928389 17.029387 46.872166 44.011364 22.472204 20.518284 46.06517 40.16217 25.455845 21.540659 45.099888 48.259712 22.090721 19.026299 13.892444 49.24429 26.907248 35.1141 50.08992 11.18034 19.235384 49.24429 51.10773 31.06445 37.696156 31.016125 18.439089 8.5440035 14.422205 27.730848 5.656854 42.190044 53.037724 26.925823 31.016125 44.181442 46.270943 29.732138 47.539455 24.758837 46.010868 52.95281 29.427877 29.15476 17.0 37.735924 27.802877 59.48109 45.39824
71.44928 41.4367 18.867962 73.061615 33.24154 17.0 45.54119 68.007355 29.546574 52.201534 11.045361 20.615528 28.01785 20.808653 26.076809 0.0 73.545906 49.09175 22.803509 23.323807 77.52419 21.213203 45.80393 50.08992 49.73932 35.22783 19.104973 23.323807 25.806976 9.486833 70.77429 23.43075 47.127487 42.72002 27.45906 19.209373 48.332184 47.07441 71.00704 74.330345 48.0 7.071068 35.846897 74.330345 47.539455 12.206555 76.00658 36.67424 11.401754 31.06445 75.39231 57.0 62.169125 56.515484 29.732138 23.769728 36.769554 52.886673 22.090721 65.14599 79.101204 31.38471 56.515484 70.028564 72.06247 12.165525 26.907248 46.486557 20.024984 78.91768 55.443665 49.09175 32.202484 22.803509 19.416489 84.15462 71.44928
7.071068 43.931767 87.66413 12.0415945 40.4475 89.98889 34.828148 35.69314 61.188232 23.194826 71.11259 92.541885 49.010204 61.269894 47.801674 73.545906 0.0 25.942244 94.55686 69.46222 24.5153 54.08327 37.0 27.89265 30.675724 53.851646 91.92388 92.0489 51.0 64.132675 14.764823 87.05171 27.018513 41.109608 87.36704 84.0 28.442924 26.476404 16.03122 8.246211 28.301943 66.4906 39.012817 7.071068 43.27817 82.86133 16.492422 36.878178 66.730804 89.6772 13.152946 21.213203 29.15476 17.117243 50.24938 53.310413 38.013157 21.023796 52.810986 36.40055 13.038404 57.271286 17.117243 17.117243 18.0 74.06078 90.13878 41.036568 93.05912 6.708204 18.788294 33.24154 46.173584 78.31347 68.117546 15.652476 7.071068
22.561028 19.723083 61.983868 24.0 18.027756 64.93843 10.770329 28.01785 44.102154 15.0 48.6621 69.02898 29.068884 35.341194 23.021729 49.09175 25.942244 0.0 69.12308 43.56604 30.463093 28.635643 26.832815 19.416489 22.803509 38.948685 68.007355 69.58448 30.463093 40.0 29.681644 65.734314 11.7046995 17.0 67.052216 62.169125 17.720045 7.615773 22.36068 25.317978 3.1622777 42.047592 19.416489 29.068884 21.587032 57.48913 27.294687 13.601471 41.231056 69.89278 32.649654 8.5440035 19.209373 11.661903 31.906113 27.513634 18.601076 11.18034 27.45906 26.41969 30.016663 40.804413 11.661903 21.587032 23.769728 51.78803 69.12308 18.681541 69.02898 30.364452 7.2111025 25.298222 28.01785 58.189346 47.759815 39.698868 22.561028
91.67879 57.0 8.246211 92.574295 55.03635 6.708204 63.387695 83.21658 50.803543 74.24958 31.400637 19.104973 50.803543 35.057095 46.818798 22.803509 94.55686 69.12308 0.0 30.594116 95.131485 40.5216 68.60029 72.56032 72.40166 57.384666 16.03122 26.076809 48.60041 31.906113 93.0215 32.140316 68.942 59.03389 37.12142 29.614185 70.71068 68.35203 89.94443 94.36631 67.46851 29.15476 58.18075 96.00521 62.1289 11.7046995 94.89468 57.939625 27.89265 40.012497 97.50897 76.29548 79.025314 77.83315 52.49762 41.773197 59.05929 74.46476 41.761227 80.224686 98.65597 53.263496 77.83315 88.814415 90.66973 30.528675 34.0 62.008064 15.132746 99.458534 75.96052 71.84706 55.0 37.94733 39.661064 106.10372 91.67879
65.30697 27.658634 22.36068 65.192024 35.22783 29.546574 35.468296 53.0 47.0 53.037724 32.89377 40.60788 37.64306 9.433981 26.076809 23.323807 69.46222 43.56604 30.594116 0.0 65.9242 19.235384 53.235325 53.413483 54.644306 49.648766 38.013157 45.254833 36.138622 23.194826 71.50524 46.615448 47.38143 30.083218 50.77401 42.43819 51.224995 45.343136 61.983868 67.62396 41.18252 21.587032 39.962482 72.42237 32.06244 21.470911 66.760765 36.124783 13.341664 54.378304 75.28612 49.24429 49.648766 54.20332 41.231056 17.804493 40.496914 51.739735 20.59126 50.0 71.168816 47.169907 54.20332 60.728905 62.361847 34.928497 50.0 32.38827 38.27532 73.34848 50.77401 55.226807 41.4367 45.694637 39.812057 83.00603 65.30697
18.027756 38.327538 87.28116 12.649111 48.466484 92.00543 32.06244 16.27882 74.30343 38.8973 78.58753 98.005104 59.5063 60.074955 52.17279 77.52419 24.5153 30.463093 95.131485 65.9242 0.0 56.32051 53.814495 44.553337 48.08326 68.50548 96.62815 99.24717 60.926186 69.050705 38.8973 95.880135 39.40812 36.124783 97.406364 92.17918 43.931767 36.359318 10.0 16.27882 30.364452 70.71068 49.648766 31.575306 34.20526 84.00595 8.062258 44.011364 68.0294 100.304535 37.65634 21.931713 16.27882 31.112698 62.177166 54.08327 48.76474 34.713108 55.443665 18.601076 13.152946 70.83079 31.112698 9.899495 7.81025 81.7435 99.32774 33.54102 97.5141 21.023796 27.202942 50.91169 58.18075 88.60023 78.18568 38.052597 18.027756
51.1957 21.095022 33.61547 52.34501 16.27882 36.345562 24.33105 47.169907 31.320919 35.0 24.41311 41.773197 19.104973 9.848858 7.071068 21.213203 54.08327 28.635643 40.5216 19.235384 56.32051 0.0 34.0 34.655445 35.608986 32.01562 40.311287 43.65776 18.0 13.416408 53.823788 41.677334 29.410883 21.931713 44.407207 37.589893 32.526913 28.178005 50.039986 53.935146 27.166155 14.56022 20.808653 55.9017 27.45906 28.86174 55.03635 18.027756 12.649111 47.801674 57.982758 36.124783 41.0 37.576588 23.021729 3.6055512 21.400934 34.48188 1.4142135 44.38468 58.420887 30.413813 37.576588 49.010204 51.0 27.45906 45.276924 25.942244 41.19466 58.940647 35.44009 36.05551 22.561028 36.796738 27.802877 66.24198 51.1957
38.948685 41.04875 63.702435 43.266617 18.681541 62.681736 34.928497 54.708317 25.0 15.0 39.39543 61.09828 17.804493 43.829212 27.313 45.80393 37.0 26.832815 68.60029 53.235325 53.814495 34.0 0.0 9.433981 6.3245554 17.117243 61.326992 58.940647 20.0 36.878178 28.01785 52.773098 15.264338 39.20459 52.153618 50.447994 9.899495 19.235384 44.04543 42.059483 29.15476 39.698868 13.601471 34.36568 45.54119 57.48913 48.010414 20.024984 44.04543 54.00926 33.01515 33.600594 45.79301 22.803509 16.552946 35.846897 13.341664 19.104973 32.649654 53.235325 47.88528 21.0 22.803509 43.931767 46.09772 41.785164 55.443665 42.579338 62.649822 43.65776 26.907248 4.0 13.601471 43.289722 33.955853 42.047592 38.948685
29.529646 36.496574 66.85058 33.83785 18.384777 67.08204 29.0 46.518814 33.37664 5.656854 45.35416 67.18631 22.803509 44.04543 27.58623 50.08992 27.89265 19.416489 72.56032 53.413483 44.553337 34.655445 9.433981 0.0 3.6055512 25.96151 67.052216 65.76473 25.0 40.706264 20.880613 60.133186 8.0 34.234486 60.00833 57.428215 2.236068 12.0415945 34.713108 32.649654 22.203604 43.416588 14.422205 26.0 40.012497 61.05735 38.600517 17.492855 46.227695 62.1289 25.70992 25.059929 37.576588 13.453624 23.086792 35.608986 13.601471 10.0 33.24154 45.310043 38.470768 29.427877 13.453624 34.655445 36.796738 48.052055 63.03174 37.01351 68.30813 34.48188 18.027756 6.4031243 19.235384 51.0 41.109608 34.713108 29.529646
32.75668 39.20459 67.00746 37.202152 19.416489 66.730804 32.06244 50.08992 31.06445 9.219544 44.27189 66.09841 21.931713 45.221676 28.600698 49.73932 30.675724 22.803509 72.40166 54.644306 48.08326 35.608986 6.3245554 3.6055512 0.0 23.345236 66.12866 64.327286 24.166092 40.496914 22.203604 58.420887 11.18034 37.054016 58.034473 55.9017 5.0990195 15.297058 38.209946 35.846897 25.495098 43.266617 14.866069 28.160255 43.011627 61.03278 42.0119 19.313208 46.69047 60.00833 27.166155 28.653097 41.14608 16.970562 21.587032 36.891735 14.21267 13.601471 34.20526 48.8467 41.677334 27.073973 16.970562 38.183765 40.311287 46.840153 61.204575 40.012497 67.41662 37.336308 21.633308 2.828427 18.027756 49.09175 39.45884 36.221542 32.75668
55.154327 47.010635 54.08327 59.03389 23.323807 50.931328 43.829212 66.52819 8.246211 31.016125 26.172504 46.647614 13.341664 41.109608 27.658634 35.22783 53.851646 38.948685 57.384666 49.648766 68.50548 32.01562 17.117243 25.96151 23.345236 0.0 47.434166 43.462627 14.035668 28.231188 45.01111 36.687874 29.15476 46.06517 35.510563 34.928497 25.632011 32.202484 59.16925 58.30952 40.311287 30.870699 19.849434 51.47815 52.773098 47.434166 63.529522 27.202942 37.64306 37.12142 50.01 47.010635 57.982758 38.483765 9.219544 35.128338 20.518284 34.43835 31.06445 64.53681 64.07808 4.472136 38.483765 58.830265 61.05735 27.802877 39.051247 50.119858 48.82622 60.440052 41.340054 21.095022 11.661903 26.925823 18.867962 59.0 55.154327
90.199776 60.166435 20.12461 92.00543 51.47815 10.770329 64.629715 86.833176 39.824615 69.856995 21.931713 3.1622777 44.27189 38.626415 45.0 19.104973 91.92388 68.007355 16.03122 38.013157 96.62815 40.311287 61.326992 67.052216 66.12866 47.434166 0.0 10.049875 42.059483 28.01785 87.93179 16.492422 65.11528 61.611687 21.377558 14.764823 65.52099 65.490456 90.04999 93.13431 67.02985 26.019224 53.366657 92.19544 66.09841 16.970562 95.047356 55.226807 29.410883 24.083189 92.72001 76.02631 81.21576 74.8131 44.777225 42.755116 54.34151 71.021126 41.19466 83.9345 98.02041 43.011627 74.8131 89.08984 91.13726 19.723083 18.027756 65.25335 1.4142135 97.5141 74.168724 65.0 48.104053 23.853722 28.600698 101.65137 90.199776
91.08787 64.4748 29.732138 93.43447 52.086468 20.615528 67.72001 90.824005 35.341194 69.260376 21.023796 7.0 43.185646 44.102154 47.07441 23.323807 92.0489 69.58448 26.076809 45.254833 99.24717 43.65776 58.940647 65.76473 64.327286 43.462627 10.049875 0.0 41.109608 30.364452 86.492775 7.81025 65.03076 65.551506 12.083046 8.5440035 64.49806 66.0303 91.92388 94.13288 69.050705 29.15476 53.037724 91.5478 70.68239 25.553865 96.87621 56.22277 34.669872 14.3178215 91.411156 77.92946 84.48077 75.00667 42.755116 46.615448 54.037025 71.02816 44.27189 88.02273 99.32271 39.0 75.00667 91.08238 93.214806 18.0 8.246211 69.46222 11.0 98.0 75.16648 62.817196 46.52956 17.20465 25.0 100.44899 91.08787
50.48762 34.132095 43.840622 53.366657 12.529964 42.72002 32.55764 56.22277 15.0 28.160255 20.396078 42.201897 2.236068 27.294687 13.928389 25.806976 51.0 30.463093 48.60041 36.138622 60.926186 18.0 20.0 25.0 24.166092 14.035668 42.059483 41.109608 0.0 16.970562 45.88028 36.124783 24.020824 33.600594 36.878178 33.0 23.537205 25.495098 52.49762 53.600372 30.88689 19.79899 12.0415945 50.48762 40.22437 37.536648 57.280014 17.0 25.059929 39.56008 50.695168 39.0 48.259712 34.058773 5.0990195 21.095022 13.038404 30.016663 17.029387 53.90733 59.03389 13.0 34.058773 51.86521 54.08327 23.194826 39.319206 37.802116 43.32436 57.07889 34.928497 23.323807 6.4031243 27.89265 17.464249 59.665737 50.48762
62.201286 34.48188 26.870058 64.0 23.769728 26.400757 37.363083 60.53924 24.186773 42.72002 11.313708 29.068884 19.104973 17.0 17.029387 9.486833 64.132675 40.0 31.906113 23.194826 69.050705 13.416408 36.878178 40.706264 40.496914 28.231188 28.01785 30.364452 16.970562 0.0 61.326992 28.301943 37.64306 35.341194 31.241 24.186773 38.910152 37.65634 62.1289 65.12296 39.115215 2.828427 26.400757 64.84597 40.81666 20.615528 67.11929 27.294687 10.0 34.713108 65.9242 48.09366 54.120235 47.07441 21.400934 16.643316 27.313 43.416588 13.928389 57.77543 70.00714 25.0 47.07441 61.204575 63.28507 14.21267 31.906113 39.357338 29.068884 69.58448 46.173584 40.0 23.345236 24.207438 16.763054 74.672615 62.201286
20.880613 49.396355 86.95401 26.24881 38.078865 87.72685 40.311287 48.0 53.009434 18.867962 66.21933 88.0568 43.68066 62.482 46.872166 70.77429 14.764823 29.681644 93.0215 71.50524 38.8973 53.823788 28.01785 20.880613 22.203604 45.01111 87.93179 86.492775 45.88028 61.326992 0.0 80.622574 24.41311 46.647614 80.1561 78.08969 22.472204 26.172504 29.614185 22.847319 32.75668 63.97656 34.928497 8.485281 50.566788 81.41253 31.016125 35.805027 66.037865 82.02438 5.0 29.12044 40.1995 18.027756 43.737854 54.037025 34.0147 19.79899 52.43091 48.09366 27.784887 49.010204 18.027756 30.413813 31.780497 68.88396 83.38465 47.853943 89.1852 20.615528 23.259407 24.020824 40.024994 71.25307 61.66036 14.035668 20.880613
86.579445 62.76942 34.36568 89.26926 47.853943 26.0 65.0 88.56636 28.460499 64.0 17.464249 13.928389 38.052597 43.863426 44.011364 23.43075 87.05171 65.734314 32.140316 46.615448 95.880135 41.677334 52.773098 60.133186 58.420887 36.687874 16.492422 7.81025 36.124783 28.301943 80.622574 0.0 60.133186 63.529522 5.0 4.2426405 59.03389 61.522354 88.07383 89.6772 65.52099 27.802877 48.166378 86.09297 69.115845 29.12044 92.96236 52.17279 34.655445 8.246211 85.58621 74.215904 81.706795 70.178345 37.054016 44.94441 49.162994 66.1211 42.059483 85.86617 95.036835 32.280025 70.178345 87.32124 89.498604 14.3178215 3.6055512 67.601776 17.720045 93.193344 70.85902 56.718605 41.01219 9.848858 19.026299 94.641426 86.579445
26.683329 28.635643 62.649822 30.083218 13.928389 63.90618 21.0 39.446167 35.468296 5.656854 44.102154 65.62012 22.090721 38.209946 22.472204 47.127487 27.018513 11.7046995 68.942 47.38143 39.40812 29.410883 15.264338 8.0 11.18034 29.15476 65.11528 65.03076 24.020824 37.64306 24.41311 60.133186 0.0 26.305893 60.671246 57.00877 6.0827627 4.1231055 30.016663 29.832869 14.3178215 40.16217 12.0 27.202942 32.01562 57.271286 34.43835 11.401754 41.677334 63.15061 28.653097 18.439089 30.528675 10.049875 23.769728 29.732138 11.0 6.0 28.01785 38.013157 35.44009 31.780497 10.049875 29.681644 31.906113 47.042534 63.28507 29.017237 66.287254 33.06055 12.206555 13.601471 19.646883 51.62364 41.303753 37.161808 26.683329
36.05551 2.828427 51.156624 35.341194 22.847319 56.142673 6.4031243 25.298222 48.60041 31.04835 46.141087 63.324562 33.286633 24.0 20.518284 42.72002 41.109608 17.0 59.03389 30.083218 36.124783 21.931713 39.20459 34.234486 37.054016 46.06517 61.611687 65.551506 33.600594 35.341194 46.647614 63.529522 26.305893 0.0 66.037865 59.48109 32.140316 22.561028 31.95309 38.078865 13.892444 36.40055 27.202942 45.343136 6.708204 48.04165 36.687874 19.646883 32.38827 69.339745 49.40648 20.0 20.0 28.653097 37.215588 18.973665 26.925823 27.856777 21.470911 22.472204 41.231056 46.32494 28.653097 30.675724 32.280025 49.24429 67.11929 4.2426405 62.369865 44.102154 23.600847 39.0 34.43835 58.00862 48.270073 55.9017 36.05551
87.29834 65.459915 39.319206 90.24411 49.0408 31.0 67.08204 90.824005 27.294687 64.195015 20.0 18.681541 38.63936 47.423622 46.06517 27.45906 87.36704 67.052216 37.12142 50.77401 97.406364 44.407207 52.153618 60.00833 58.034473 35.510563 21.377558 12.083046 36.878178 31.241 80.1561 5.0 60.671246 66.037865 0.0 8.5440035 59.07622 62.369865 89.28606 90.426765 67.06713 31.112698 48.83646 86.00581 71.84706 33.955853 94.11163 53.450912 38.418747 3.6055512 85.146935 75.58439 83.67198 70.71068 37.12142 47.801674 49.819675 66.61081 44.65423 88.19297 95.90099 31.257 70.71068 88.60023 90.80198 17.029387 4.2426405 70.178345 22.561028 93.64828 71.80529 56.142673 41.19466 9.055386 19.416489 94.19129 87.29834
83.294655 58.66856 31.06445 85.84288 44.407207 23.194826 61.09828 84.58132 26.832815 61.073727 13.601471 12.806249 35.014282 39.623226 40.16217 19.209373 84.0 62.169125 29.614185 42.43819 92.17918 37.589893 50.447994 57.428215 55.9017 34.928497 14.764823 8.5440035 33.0 24.186773 78.08969 4.2426405 57.00877 59.48109 8.5440035 0.0 56.22277 58.21512 84.5281 86.37129 61.846584 23.600847 45.01111 83.294655 65.0 25.495098 89.44272 48.6621 30.413813 12.083046 83.02409 70.61161 77.83315 67.02985 34.36568 40.81666 46.010868 63.007935 38.013157 81.859634 91.66242 30.463093 67.02985 83.74366 85.90693 10.440307 7.81025 63.529522 16.124516 90.04999 67.47592 54.34151 38.209946 9.219544 16.492422 92.070625 83.294655
29.546574 34.36568 64.899925 33.61547 16.27882 65.30697 27.018513 45.17743 32.75668 5.3851647 43.931767 65.734314 21.377558 41.868843 25.455845 48.332184 28.442924 17.720045 70.71068 51.224995 43.931767 32.526913 9.899495 2.236068 5.0990195 25.632011 65.52099 64.49806 23.537205 38.910152 22.472204 59.03389 6.0827627 32.140316 59.07622 56.22277 0.0 10.198039 34.20526 32.695564 20.396078 41.59327 12.529964 27.073973 38.0 59.16925 38.27532 15.264338 44.20407 61.294373 27.202942 23.853722 36.23534 13.038404 22.0 33.42155 11.661903 9.219544 31.112698 43.863426 38.483765 28.86174 13.038404 34.058773 36.23534 46.69047 62.0 35.0 66.760765 34.928497 17.029387 7.615773 18.027756 50.039986 40.012497 36.138622 29.546574
25.079872 25.0 61.741398 27.89265 14.035668 63.600315 17.029387 35.510563 38.013157 8.5440035 45.01111 66.189125 23.769728 36.40055 21.540659 47.07441 26.476404 7.615773 68.35203 45.343136 36.359318 28.178005 19.235384 12.0415945 15.297058 32.202484 65.490456 66.0303 25.495098 37.65634 26.172504 61.522354 4.1231055 22.561028 62.369865 58.21512 10.198039 0.0 27.313 28.160255 10.198039 40.024994 13.601471 27.730848 28.071337 56.648037 31.95309 10.440307 40.718548 65.0 30.0 14.866069 26.627054 9.486833 26.0 28.01785 12.649111 6.4031243 26.832815 34.0 33.54102 34.48188 9.486833 26.832815 29.068884 48.04165 64.77654 25.079872 66.61081 32.06244 9.486833 17.720045 21.931713 53.366657 42.953465 38.078865 25.079872
9.0 34.539833 82.37718 4.472136 40.261642 86.28442 26.683329 19.924858 65.30697 29.068884 71.021126 91.197586 50.92151 55.108982 45.099888 71.00704 16.03122 22.36068 89.94443 61.983868 10.0 50.039986 44.04543 34.713108 38.209946 59.16925 90.04999 91.92388 52.49762 62.1289 29.614185 88.07383 30.016663 31.95309 89.28606 84.5281 34.20526 27.313 0.0 8.5440035 23.021729 64.03124 40.853397 23.0 31.906113 78.51752 5.0 35.902645 62.289646 92.0489 29.017237 14.035668 14.866069 21.260292 53.310413 48.259712 39.92493 25.0 49.010204 21.023796 9.433981 61.7171 21.260292 1.4142135 2.236068 74.1485 91.44397 30.413813 91.02197 14.764823 17.888544 41.036568 49.24429 80.36168 69.92139 31.04835 9.0
3.1622777 40.81666 87.0919 4.1231055 42.047592 90.255196 32.202484 28.460499 65.14599 27.313 73.109505 94.02127 51.78803 60.083275 48.259712 74.330345 8.246211 25.317978 94.36631 67.62396 16.27882 53.935146 42.059483 32.649654 35.846897 58.30952 93.13431 94.13288 53.600372 65.12296 22.847319 89.6772 29.832869 38.078865 90.426765 86.37129 32.695564 28.160255 8.5440035 0.0 26.925823 67.26812 41.59327 15.297058 39.051247 82.764725 8.246211 38.0 66.4906 92.96236 21.377558 18.384777 23.021729 19.924858 53.600372 52.63079 40.60788 24.04163 52.773098 29.546574 5.8309517 61.351448 19.924858 9.848858 10.198039 76.1643 92.91394 37.202152 94.19129 6.4031243 19.0 38.587563 49.47727 81.394104 71.021126 22.561028 3.1622777
24.351591 16.643316 60.166435 25.179358 18.35756 63.505905 7.615773 26.24881 45.0 18.027756 48.270073 68.18358 29.681644 33.24154 22.090721 48.0 28.301943 3.1622777 67.46851 41.18252 30.364452 27.166155 29.15476 22.203604 25.495098 40.311287 67.02985 69.050705 30.88689 39.115215 32.75668 65.52099 14.3178215 13.892444 67.06713 61.846584 20.396078 10.198039 23.021729 26.925823 0.0 41.01219 20.518284 31.827662 18.439089 55.9017 28.01785 13.892444 39.623226 70.00714 35.608986 9.0 17.691807 14.764823 32.80244 25.70992 19.79899 14.3178215 26.076809 24.41311 31.257 41.868843 14.764823 22.090721 24.186773 51.41984 68.96376 15.524175 68.007355 32.31099 9.899495 27.89265 29.068884 58.30952 47.92703 42.44997 24.351591
64.381676 35.341194 24.04163 66.0303 26.24881 23.769728 38.832977 61.68468 26.476404 45.310043 11.661903 27.294687 21.931713 16.40122 19.026299 7.071068 66.4906 42.047592 29.15476 21.587032 70.71068 14.56022 39.698868 43.416588 43.266617 30.870699 26.019224 29.15476 19.79899 2.828427 63.97656 27.802877 40.16217 36.40055 31.112698 23.600847 41.59327 40.024994 64.03124 67.26812 41.01219 0.0 29.068884 67.357254 41.59327 17.804493 69.02898 29.614185 8.246211 34.655445 68.54196 50.01 55.542778 49.47727 24.207438 17.464249 29.966648 45.88028 15.297058 58.872746 72.06247 27.513634 49.47727 63.07139 65.12296 14.21267 31.400637 40.311287 27.0 71.84706 48.373547 42.80187 26.172504 24.698177 18.248287 77.25283 64.381676
38.470768 28.635643 52.43091 41.484936 5.0990195 52.801514 24.186773 46.69047 24.698177 16.492422 32.140316 53.75872 10.198039 30.528675 13.892444 35.846897 39.012817 19.416489 58.18075 39.962482 49.648766 20.808653 13.601471 14.422205 14.866069 19.849434 53.366657 53.037724 12.0415945 26.400757 34.928497 48.166378 12.0 27.202942 48.83646 45.01111 12.529964 13.601471 40.853397 41.59327 20.518284 29.068884 0.0 38.832977 33.83785 46.647614 45.54119 7.615773 31.890438 51.41984 39.56008 27.784887 38.209946 22.022715 12.529964 22.36068 1.0 18.0 19.416489 44.687805 47.07441 21.400934 22.022715 40.311287 42.544094 35.057095 51.351727 31.016125 54.571056 45.044422 23.086792 15.264338 8.602325 39.812057 29.427877 48.38388 38.470768
14.0 48.166378 89.470665 19.104973 41.109608 91.08238 38.948685 42.426407 59.211487 22.36068 70.85902 92.574295 48.373547 63.812225 49.24429 74.330345 7.071068 29.068884 96.00521 72.42237 31.575306 55.9017 34.36568 26.0 28.160255 51.47815 92.19544 91.5478 50.48762 64.84597 8.485281 86.09297 27.202942 45.343136 86.00581 83.294655 27.073973 27.730848 23.0 15.297058 31.827662 67.357254 38.832977 0.0 48.259712 84.30895 23.537205 38.078865 68.44706 88.09086 6.0827627 26.076809 35.44009 18.35756 49.0408 55.569775 37.85499 21.540659 54.56189 42.953465 19.697716 55.226807 18.35756 24.020824 25.019993 73.68175 89.02247 45.80393 93.39165 12.206555 21.931713 30.413813 45.099888 77.0 67.06713 10.630146 14.0
37.48333 6.4031243 54.037025 35.805027 29.546574 59.841457 11.045361 21.095022 55.21775 36.345562 51.86521 68.007355 39.962482 27.658634 26.907248 47.539455 43.27817 21.587032 62.1289 32.06244 34.20526 27.45906 45.54119 40.012497 43.011627 52.773098 66.09841 70.68239 40.22437 40.81666 50.566788 69.115845 32.01562 6.708204 71.84706 65.0 38.0 28.071337 31.906113 39.051247 18.439089 41.59327 33.83785 48.259712 0.0 51.62364 36.23534 26.24881 36.687874 75.21303 52.83938 22.203604 18.027756 32.89377 43.908997 24.186773 33.526108 32.75668 27.202942 18.110771 41.340054 53.0 32.89377 30.528675 31.764761 54.91812 72.718636 3.0 66.760765 45.343136 27.313 45.099888 41.14608 64.03124 54.48853 58.60034 37.48333
80.04999 46.173584 6.708204 81.04937 43.382023 8.246211 52.086468 72.691124 41.59327 62.609905 22.472204 19.849434 39.698868 24.083189 35.1141 12.206555 82.86133 57.48913 11.7046995 21.470911 84.00595 28.86174 57.48913 61.05735 61.03278 47.434166 16.970562 25.553865 37.536648 20.615528 81.41253 29.12044 57.271286 48.04165 33.955853 25.495098 59.16925 56.648037 78.51752 82.764725 55.9017 17.804493 46.647614 84.30895 51.62364 0.0 83.48653 46.238514 16.27882 37.363083 85.86617 64.77654 68.0294 66.12866 41.725292 30.265491 47.507893 62.76942 30.083218 69.72087 87.13208 43.56604 66.12866 77.41447 79.30952 22.561028 31.95309 51.24451 17.029387 87.80091 64.288414 60.60528 43.931767 32.01562 31.016125 94.42987 80.04999
10.29563 39.217342 87.29834 5.0 45.122055 91.26884 31.575306 21.954498 69.856995 33.01515 75.95393 96.18732 55.65968 60.016663 50.08992 76.00658 16.492422 27.294687 94.89468 66.760765 8.062258 55.03635 48.010414 38.600517 42.0119 63.529522 95.047356 96.87621 57.280014 67.11929 31.016125 92.96236 34.43835 36.687874 94.11163 89.44272 38.27532 31.95309 5.0 8.246211 28.01785 69.02898 45.54119 23.537205 36.23534 83.48653 0.0 40.792156 67.26812 96.84007 29.614185 19.026299 18.601076 25.23886 57.939625 53.235325 44.598206 29.15476 54.00926 23.600847 5.8309517 66.211784 25.23886 6.0827627 4.472136 79.07591 96.317184 34.928497 96.02083 13.152946 22.472204 44.82187 53.851646 85.16454 74.726166 30.149628 10.29563
35.014282 21.213203 51.42956 37.215588 4.472136 53.160137 16.643316 39.623226 31.241 17.029387 35.22783 56.0357 15.811388 26.870058 11.18034 36.67424 36.878178 13.601471 57.939625 36.124783 44.011364 18.027756 20.024984 17.492855 19.313208 27.202942 55.226807 56.22277 17.0 27.294687 35.805027 52.17279 11.401754 19.646883 53.450912 48.6621 15.264338 10.440307 35.902645 38.0 13.892444 29.614185 7.615773 38.078865 26.24881 46.238514 40.792156 0.0 30.413813 56.302753 39.962482 22.135944 31.400637 19.924858 19.104973 18.384777 7.28011 16.552946 16.643316 37.48333 43.104523 28.284271 19.924858 35.17101 37.363083 38.327538 55.542778 23.409399 56.32051 42.296574 19.0 20.615528 15.6205 44.598206 34.176014 48.30114 35.014282
63.788715 30.805843 21.023796 64.77654 28.01785 24.020824 36.0 57.48913 34.132095 47.169907 19.697716 31.38471 26.925823 9.433981 19.235384 11.401754 66.730804 41.231056 27.89265 13.341664 68.0294 12.649111 44.04543 46.227695 46.69047 37.64306 29.410883 34.669872 25.059929 10.0 66.037865 34.655445 41.677334 32.38827 38.418747 30.413813 44.20407 40.718548 62.289646 66.4906 39.623226 8.246211 31.890438 68.44706 36.687874 16.27882 67.26812 30.413813 0.0 42.0119 70.327805 48.507732 52.23983 50.159744 29.966648 14.035668 32.649654 46.957428 13.928389 54.571056 70.85902 34.713108 50.159744 61.204575 63.126858 21.954498 38.183765 35.902645 30.083218 71.568146 48.08326 46.69047 31.06445 32.649654 26.476404 78.714676 63.788715
89.822044 68.8186 42.579338 92.89241 51.86521 34.058773 70.23532 94.02127 29.017237 66.48308 23.43075 21.213203 41.231056 50.990196 49.24429 31.06445 89.6772 69.89278 40.012497 54.378304 100.304535 47.801674 54.00926 62.1289 60.00833 37.12142 24.083189 14.3178215 39.56008 34.713108 82.02438 8.246211 63.15061 69.339745 3.6055512 12.083046 61.294373 65.0 92.0489 92.96236 70.00714 34.655445 51.41984 88.09086 75.21303 37.363083 96.84007 56.302753 42.0119 0.0 87.02299 78.434685 86.764046 73.1642 39.45884 51.224995 52.392746 69.050705 48.010414 91.416626 98.48858 33.01515 73.1642 91.394745 93.60555 20.518284 6.0827627 73.4983 25.179358 96.02604 74.46476 58.00862 43.56604 11.7046995 22.135944 96.04687 89.822044
20.024984 52.201534 91.3017 25.179358 42.48529 92.309265 43.011627 48.259712 58.00862 23.259407 71.063354 92.89241 48.507732 66.4003 51.10773 75.39231 13.152946 32.649654 97.50897 75.28612 37.65634 57.982758 33.01515 25.70992 27.166155 50.01 92.72001 91.411156 50.695168 65.9242 5.0 85.58621 28.653097 49.40648 85.146935 83.02409 27.202942 30.0 29.017237 21.377558 35.608986 68.54196 39.56008 6.0827627 52.83938 85.86617 29.614185 39.962482 70.327805 87.02299 0.0 30.870699 41.0 21.213203 48.6621 58.00862 38.626415 23.600847 56.603886 48.6621 25.632011 54.00926 21.213203 30.0 31.06445 73.756355 88.362885 50.24938 93.96276 17.888544 25.806976 29.017237 44.911022 76.23647 66.61081 9.055386 20.024984
16.124516 22.803509 68.88396 16.27882 26.57066 72.443085 13.892444 21.540659 52.478565 19.697716 57.070133 77.16217 37.576588 41.761227 31.06445 57.0 21.213203 8.5440035 76.29548 49.24429 21.931713 36.124783 33.600594 25.059929 28.653097 47.010635 76.02631 77.92946 39.0 48.09366 29.12044 74.215904 18.439089 20.0 75.58439 70.61161 23.853722 14.866069 14.035668 18.384777 9.0 50.01 27.784887 26.076809 22.203604 64.77654 19.026299 22.135944 48.507732 78.434685 30.870699 0.0 12.649111 13.152946 40.311287 34.525352 26.925823 15.231546 35.057095 20.615528 22.36068 49.09175 13.152946 13.152946 15.297058 60.207973 77.62087 19.849434 77.00649 24.186773 7.28011 31.38471 36.359318 66.730804 56.302753 36.40055 16.124516
22.36068 22.090721 71.11259 19.209373 35.805027 76.105194 16.763054 8.944272 62.625874 32.31099 64.25729 82.764725 47.201694 44.0 37.696156 62.169125 29.15476 19.209373 79.025314 49.648766 16.27882 41.0 45.79301 37.576588 41.14608 57.982758 81.21576 84.48077 48.259712 54.120235 40.1995 81.706795 30.528675 20.0 83.67198 77.83315 36.23534 26.627054 14.866069 23.021729 17.691807 55.542778 38.209946 35.44009 18.027756 68.0294 18.601076 31.400637 52.23983 86.764046 41.0 12.649111 0.0 25.70992 50.447994 38.470768 37.48333 27.856777 40.261642 8.062258 24.083189 59.548298 25.70992 13.453624 14.21267 67.41662 85.23497 17.262676 82.036575 29.410883 19.924858 43.829212 46.75468 75.13322 64.884514 44.777225 22.36068
16.763054 31.38471 71.17584 20.59126 23.345236 73.082146 22.36068 34.48188 45.221676 7.81025 54.037025 75.42546 32.140316 45.486263 31.016125 56.515484 17.117243 11.661903 77.83315 54.20332 31.112698 37.576588 22.803509 13.453624 16.970562 38.483765 74.8131 75.00667 34.058773 47.07441 18.027756 70.178345 10.049875 28.653097 70.71068 67.02985 13.038404 9.486833 21.260292 19.924858 14.764823 49.47727 22.022715 18.35756 32.89377 66.12866 25.23886 19.924858 50.159744 73.1642 21.213203 13.152946 25.70992 0.0 33.734257 37.215588 21.023796 4.1231055 36.249138 33.734257 25.632011 41.4367 0.0 21.213203 23.345236 57.00877 73.33485 30.083218 75.95393 23.021729 6.0 19.79899 29.614185 61.66036 51.351727 28.84441 16.763054
50.447994 38.013157 48.166378 53.75872 14.866069 46.400433 35.468296 58.728188 12.206555 27.073973 22.847319 44.598206 4.1231055 32.38827 18.439089 29.732138 50.24938 31.906113 52.49762 41.231056 62.177166 23.021729 16.552946 23.086792 21.587032 9.219544 44.777225 42.755116 5.0990195 21.400934 43.737854 37.054016 23.769728 37.215588 37.12142 34.36568 22.0 26.0 53.310413 53.600372 32.80244 24.207438 12.529964 49.0408 43.908997 41.725292 57.939625 19.104973 29.966648 39.45884 48.6621 40.311287 50.447994 33.734257 0.0 26.019224 13.416408 29.614185 22.0 56.568542 59.20304 9.219544 33.734257 52.801514 55.03635 25.298222 40.0 41.340054 46.09772 56.568542 35.468296 20.248457 4.1231055 28.071337 18.027756 57.706154 50.447994
50.0 17.888544 34.48188 50.803543 17.492855 38.052597 22.022715 44.27189 34.785053 35.383614 27.802877 44.38468 22.0 8.485281 8.5440035 23.769728 53.310413 27.513634 41.773197 17.804493 54.08327 3.6055512 35.846897 35.608986 36.891735 35.128338 42.755116 46.615448 21.095022 16.643316 54.037025 44.94441 29.732138 18.973665 47.801674 40.81666 33.42155 28.01785 48.259712 52.63079 25.70992 17.464249 22.36068 55.569775 24.186773 30.265491 53.235325 18.384777 14.035668 51.224995 58.00862 34.525352 38.470768 37.215588 26.019224 0.0 22.825424 34.4093 4.1231055 41.4367 56.88585 33.734257 37.215588 47.169907 49.09175 30.805843 48.548943 22.847319 43.56604 57.870544 34.539833 37.589893 25.179358 40.311287 31.400637 66.037865 50.0
37.48333 28.442924 53.25411 40.5216 5.3851647 53.712196 23.70654 46.010868 25.553865 15.524175 33.13608 54.74486 11.18034 31.06445 14.422205 36.769554 38.013157 18.601076 59.05929 40.496914 48.76474 21.400934 13.341664 13.601471 14.21267 20.518284 54.34151 54.037025 13.038404 27.313 34.0147 49.162994 11.0 26.925823 49.819675 46.010868 11.661903 12.649111 39.92493 40.60788 19.79899 29.966648 1.0 37.85499 33.526108 47.507893 44.598206 7.28011 32.649654 52.392746 38.626415 26.925823 37.48333 21.023796 13.416408 22.825424 0.0 17.0 20.0 44.04543 46.09772 22.203604 21.023796 39.39543 41.62932 36.05551 52.34501 30.675724 55.542778 44.04543 22.135944 14.764823 9.433981 40.792156 30.413813 47.434166 37.48333
20.880613 30.463093 67.977936 24.596748 19.646883 69.57011 21.84033 36.769554 41.109608 4.472136 50.08992 71.568146 28.071337 42.80187 27.730848 52.886673 21.023796 11.18034 74.46476 51.739735 34.713108 34.48188 19.104973 10.0 13.601471 34.43835 71.021126 71.02816 30.016663 43.416588 19.79899 66.1211 6.0 27.856777 66.61081 63.007935 9.219544 6.4031243 25.0 24.04163 14.3178215 45.88028 18.0 21.540659 32.75668 62.76942 29.15476 16.552946 46.957428 69.050705 23.600847 15.231546 27.856777 4.1231055 29.614185 34.4093 17.0 0.0 33.12099 35.735138 29.732138 37.336308 4.1231055 24.839485 27.018513 53.037724 69.260376 29.832869 72.18033 27.073973 8.062258 16.40122 25.495098 57.558666 47.26521 31.764761 20.880613
50.01 20.808653 34.928497 51.24451 14.866069 37.48333 23.537205 46.615448 30.675724 33.600594 24.698177 42.579338 18.027756 11.18034 5.656854 22.090721 52.810986 27.45906 41.761227 20.59126 55.443665 1.4142135 32.649654 33.24154 34.20526 31.06445 41.19466 44.27189 17.029387 13.928389 52.43091 42.059483 28.01785 21.470911 44.65423 38.013157 31.112698 26.832815 49.010204 52.773098 26.076809 15.297058 19.416489 54.56189 27.202942 30.083218 54.00926 16.643316 13.928389 48.010414 56.603886 35.057095 40.261642 36.249138 22.0 4.1231055 20.0 33.12099 0.0 43.863426 57.31492 29.614185 36.249138 48.0 50.01 27.784887 45.65085 25.553865 42.107006 57.72348 34.20526 34.669872 21.377558 36.878178 27.658634 64.884514 50.01
29.410883 23.769728 72.11102 25.495098 41.725292 77.92946 21.400934 3.0 68.622154 40.16217 68.42514 85.72631 53.075417 45.705578 42.190044 65.14599 36.40055 26.41969 80.224686 50.0 18.601076 44.38468 53.235325 45.310043 48.8467 64.53681 83.9345 88.02273 53.90733 57.77543 48.09366 85.86617 38.013157 22.472204 88.19297 81.859634 43.863426 34.0 21.023796 29.546574 24.41311 58.872746 44.687805 42.953465 18.110771 69.72087 23.600847 37.48333 54.571056 91.416626 48.6621 20.615528 8.062258 33.734257 56.568542 41.4367 44.04543 35.735138 43.863426 0.0 29.410883 65.76473 33.734257 19.697716 19.723083 71.55418 89.44272 18.681541 84.646324 35.77709 27.89265 51.47815 53.075417 79.924965 69.89278 51.86521 29.410883
8.944272 43.863426 91.21951 6.0827627 47.26521 94.76286 35.735138 27.784887 70.837845 33.105892 78.31347 99.00505 57.271286 64.03124 53.037724 79.101204 13.038404 30.016663 98.65597 71.168816 13.152946 58.420887 47.88528 38.470768 41.677334 64.07808 98.02041 99.32271 59.03389 70.00714 27.784887 95.036835 35.44009 41.231056 95.90099 91.66242 38.483765 33.54102 9.433981 5.8309517 31.257 72.06247 47.07441 19.697716 41.340054 87.13208 5.8309517 43.104523 70.85902 98.48858 25.632011 22.36068 24.083189 25.632011 59.20304 56.88585 46.09772 29.732138 57.31492 29.410883 0.0 67.06713 25.632011 10.816654 9.899495 81.394104 98.31073 39.824615 99.04544 8.062258 24.186773 44.418465 55.081757 86.88498 76.48529 25.0 8.944272
58.189346 47.010635 50.24938 61.846584 24.083189 46.75468 44.687805 67.89698 4.0 34.20526 21.931713 42.190044 13.038404 39.012817 26.925823 31.38471 57.271286 40.804413 53.263496 47.169907 70.83079 30.413813 21.0 29.427877 27.073973 4.472136 43.011627 39.0 13.0 25.0 49.010204 32.280025 31.780497 46.32494 31.257 30.463093 28.86174 34.48188 61.7171 61.351448 41.868843 27.513634 21.400934 55.226807 53.0 43.56604 66.211784 28.284271 34.713108 33.01515 54.00926 49.09175 59.548298 41.4367 9.219544 33.734257 22.203604 37.336308 29.614185 65.76473 67.06713 0.0 41.4367 61.294373 63.529522 23.43075 34.713108 50.47772 44.407207 63.788715 43.829212 25.0 12.806249 22.561028 14.422205 63.03174 58.189346
16.763054 31.38471 71.17584 20.59126 23.345236 73.082146 22.36068 34.48188 45.221676 7.81025 54.037025 75.42546 32.140316 45.486263 31.016125 56.515484 17.117243 11.661903 77.83315 54.20332 31.112698 37.576588 22.803509 13.453624 16.970562 38.483765 74.8131 75.00667 34.058773 47.07441 18.027756 70.178345 10.049875 28.653097 70.71068 67.02985 13.038404 9.486833 21.260292 19.924858 14.764823 49.47727 22.022715 18.35756 32.89377 66.12866 25.23886 19.924858 50.159744 73.1642 21.213203 13.152946 25.70992 0.0 33.734257 37.215588 21.023796 4.1231055 36.249138 33.734257 25.632011 41.4367 0.0 21.213203 23.345236 57.00877 73.33485 30.083218 75.95393 23.021729 6.0 19.79899 29.614185 61.66036 51.351727 28.84441 16.763054
10.049875 33.24154 81.21576 5.8309517 39.56008 85.2115 25.495098 18.681541 64.84597 29.0 70.21396 90.27181 50.32892 53.935146 44.181442 70.028564 17.117243 21.587032 88.814415 60.728905 9.899495 49.010204 43.931767 34.655445 38.183765 58.830265 89.08984 91.08238 51.86521 61.204575 30.413813 87.32124 29.681644 30.675724 88.60023 83.74366 34.058773 26.832815 1.4142135 9.848858 22.090721 63.07139 40.311287 24.020824 30.528675 77.41447 6.0827627 35.17101 61.204575 91.394745 30.0 13.152946 13.453624 21.213203 52.801514 47.169907 39.39543 24.839485 48.0 19.697716 10.816654 61.294373 21.213203 0.0 2.236068 73.34848 90.70832 29.068884 90.04999 16.124516 17.492855 41.01219 48.754486 79.69943 69.260376 32.280025 10.049875
11.045361 34.785053 83.02409 6.0827627 41.761227 87.14356 27.294687 18.384777 67.08204 31.144823 72.36712 92.34717 52.554733 55.7315 46.270943 72.06247 18.0 23.769728 90.66973 62.361847 7.81025 51.0 46.09772 36.796738 40.311287 61.05735 91.13726 93.214806 54.08327 63.28507 31.780497 89.498604 31.906113 32.280025 90.80198 85.90693 36.23534 29.068884 2.236068 10.198039 24.186773 65.12296 42.544094 25.019993 31.764761 79.30952 4.472136 37.363083 63.126858 93.60555 31.06445 15.297058 14.21267 23.345236 55.03635 49.09175 41.62932 27.018513 50.01 19.723083 9.899495 63.529522 23.345236 2.236068 0.0 75.50497 92.89241 30.463093 92.086914 16.155495 19.723083 43.13931 50.990196 81.908485 71.470276 32.75668 11.045361
73.109505 48.548943 29.12044 75.53807 34.132095 23.853722 50.695168 74.24958 20.518284 51.351727 3.1622777 19.313208 25.317978 30.610456 29.732138 12.165525 74.06078 51.78803 30.528675 34.928497 81.7435 27.45906 41.785164 48.052055 46.840153 27.802877 19.723083 18.0 23.194826 14.21267 68.88396 14.3178215 47.042534 49.24429 17.029387 10.440307 46.69047 48.04165 74.1485 76.1643 51.41984 14.21267 35.057095 73.68175 54.91812 22.561028 79.07591 38.327538 21.954498 20.518284 73.756355 60.207973 67.41662 57.00877 25.298222 30.805843 36.05551 53.037724 27.784887 71.55418 81.394104 23.43075 57.00877 73.34848 75.50497 0.0 17.888544 53.338543 21.095022 80.0 57.21888 45.54119 28.86174 10.770329 9.219544 82.764725 73.109505
89.80534 66.37017 36.878178 92.574295 51.1957 28.160255 68.54196 92.13577 30.805843 67.02985 21.023796 15.132746 41.19466 47.423622 47.539455 26.907248 90.13878 69.12308 34.0 50.0 99.32774 45.276924 55.443665 63.03174 61.204575 39.051247 18.027756 8.246211 39.319206 31.906113 83.38465 3.6055512 63.28507 67.11929 4.2426405 7.81025 62.0 64.77654 91.44397 92.91394 68.96376 31.400637 51.351727 89.02247 72.718636 31.95309 96.317184 55.542778 38.183765 6.0827627 88.362885 77.62087 85.23497 73.33485 40.0 48.548943 52.34501 69.260376 45.65085 89.44272 98.31073 34.713108 73.33485 90.70832 92.89241 17.888544 0.0 71.19691 19.104973 96.332756 74.1485 59.413803 44.011364 12.165525 22.022715 97.41663 89.80534
35.468296 5.0990195 54.00926 34.132095 26.832815 59.413803 8.062258 21.587032 52.801514 33.37664 50.24938 67.052216 37.44329 27.166155 24.758837 46.486557 41.036568 18.681541 62.008064 32.38827 33.54102 25.942244 42.579338 37.01351 40.012497 50.119858 65.25335 69.46222 37.802116 39.357338 47.853943 67.601776 29.017237 4.2426405 70.178345 63.529522 35.0 25.079872 30.413813 37.202152 15.524175 40.311287 31.016125 45.80393 3.0 51.24451 34.928497 23.409399 35.902645 73.4983 50.24938 19.849434 17.262676 30.083218 41.340054 22.847319 30.675724 29.832869 25.553865 18.681541 39.824615 50.47772 30.083218 29.068884 30.463093 53.338543 71.19691 0.0 65.96969 43.416588 24.596748 42.107006 38.470768 62.201286 52.49762 56.22277 35.468296
91.26884 60.876926 19.723083 93.0215 52.611786 10.29563 65.490456 87.555695 41.231056 71.063354 23.259407 4.0 45.54119 39.217342 46.010868 20.024984 93.05912 69.02898 15.132746 38.27532 97.5141 41.19466 62.649822 68.30813 67.41662 48.82622 1.4142135 11.0 43.32436 29.068884 89.1852 17.720045 66.287254 62.369865 22.561028 16.124516 66.760765 66.61081 91.02197 94.19129 68.007355 27.0 54.571056 93.39165 66.760765 17.029387 96.02083 56.32051 30.083218 25.179358 93.96276 77.00649 82.036575 75.95393 46.09772 43.56604 55.542778 72.18033 42.107006 84.646324 99.04544 44.407207 75.95393 90.04999 92.086914 21.095022 19.104973 65.96969 0.0 98.61542 75.23962 66.309875 49.396355 25.23886 30.0 102.88343 91.26884
8.062258 46.872166 92.34717 10.29563 46.09772 95.12623 38.078865 34.539833 67.68308 29.614185 77.00649 98.24968 55.145264 65.551506 52.95281 78.91768 6.708204 30.364452 99.458534 73.34848 21.023796 58.940647 43.65776 34.48188 37.336308 60.440052 97.5141 98.0 57.07889 69.58448 20.615528 93.193344 33.06055 44.102154 93.64828 90.04999 34.928497 32.06244 14.764823 6.4031243 32.31099 71.84706 45.044422 12.206555 45.343136 87.80091 13.152946 42.296574 71.568146 96.02604 17.888544 24.186773 29.410883 23.021729 56.568542 57.870544 44.04543 27.073973 57.72348 35.77709 8.062258 63.788715 23.021729 16.124516 16.155495 80.0 96.332756 43.416588 98.61542 0.0 23.537205 39.92493 52.46904 84.59315 74.330345 17.029387 8.062258
16.03122 26.400757 68.94926 18.439089 23.086792 71.5891 17.20465 28.79236 47.423622 12.529964 54.147945 75.026665 33.24154 42.48529 29.427877 55.443665 18.788294 7.2111025 75.96052 50.77401 27.202942 35.44009 26.907248 18.027756 21.633308 41.340054 74.168724 75.16648 34.928497 46.173584 23.259407 70.85902 12.206555 23.600847 71.80529 67.47592 17.029387 9.486833 17.888544 19.0 9.899495 48.373547 23.086792 21.931713 27.313 64.288414 22.472204 19.0 48.08326 74.46476 25.806976 7.28011 19.924858 6.0 35.468296 34.539833 22.135944 8.062258 34.20526 27.89265 24.186773 43.829212 6.0 17.492855 19.723083 57.21888 74.1485 24.596748 75.23962 23.537205 0.0 24.41311 31.38471 62.817196 52.392746 32.55764 16.03122
35.510563 41.04875 66.70832 40.0 20.12461 66.037865 34.234486 52.773098 29.0 12.0415945 43.081318 64.84597 21.095022 45.79301 29.15476 49.09175 33.24154 25.298222 71.84706 55.226807 50.91169 36.05551 4.0 6.4031243 2.828427 21.095022 65.0 62.817196 23.323807 40.0 24.020824 56.718605 13.601471 39.0 56.142673 54.34151 7.615773 17.720045 41.036568 38.587563 27.89265 42.80187 15.264338 30.413813 45.099888 60.60528 44.82187 20.615528 46.69047 58.00862 29.017237 31.38471 43.829212 19.79899 20.248457 37.589893 14.764823 16.40122 34.669872 51.47815 44.418465 25.0 19.79899 41.01219 43.13931 45.54119 59.413803 42.107006 66.309875 39.92493 24.41311 0.0 17.0 47.26521 37.85499 38.052597 35.510563
46.32494 35.468296 50.20956 49.648766 11.661903 49.09175 32.202484 55.154327 16.124516 23.021729 26.24881 48.08326 4.2426405 32.280025 17.0 32.202484 46.173584 28.01785 55.0 41.4367 58.18075 22.561028 13.601471 19.235384 18.027756 11.661903 48.104053 46.52956 6.4031243 23.345236 40.024994 41.01219 19.646883 34.43835 41.19466 38.209946 18.027756 21.931713 49.24429 49.47727 29.068884 26.172504 8.602325 45.099888 41.14608 43.931767 53.851646 15.6205 31.06445 43.56604 44.911022 36.359318 46.75468 29.614185 4.1231055 25.179358 9.433981 25.495098 21.377558 53.075417 55.081757 12.806249 29.614185 48.754486 50.990196 28.86174 44.011364 38.470768 49.396355 52.46904 31.38471 17.0 0.0 32.140316 22.0 53.935146 46.32494
78.26238 57.628117 38.209946 81.25269 40.16217 31.320919 58.66856 82.492424 18.681541 55.145264 13.038404 22.022715 29.614185 41.04875 37.735924 22.803509 78.31347 58.189346 37.94733 45.694637 88.60023 36.796738 43.289722 51.0 49.09175 26.925823 23.853722 17.20465 27.89265 24.207438 71.25307 9.848858 51.62364 58.00862 9.055386 9.219544 50.039986 53.366657 80.36168 81.394104 58.30952 24.698177 39.812057 77.0 64.03124 32.01562 85.16454 44.598206 32.649654 11.7046995 76.23647 66.730804 75.13322 61.66036 28.071337 40.311287 40.792156 57.558666 36.878178 79.924965 86.88498 22.561028 61.66036 79.69943 81.908485 10.770329 12.165525 62.201286 25.23886 84.59315 62.817196 47.26521 32.140316 0.0 10.440307 85.28775 78.26238
67.89698 48.104053 37.696156 70.83079 29.732138 33.01515 48.548943 72.40166 11.313708 45.01111 8.5440035 27.784887 19.235384 33.61547 27.802877 19.416489 68.117546 47.759815 39.661064 39.812057 78.18568 27.802877 33.955853 41.109608 39.45884 18.867962 28.600698 25.0 17.464249 16.763054 61.66036 19.026299 41.303753 48.270073 19.416489 16.492422 40.012497 42.953465 69.92139 71.021126 47.92703 18.248287 29.427877 67.06713 54.48853 31.016125 74.726166 34.176014 26.476404 22.135944 66.61081 56.302753 64.884514 51.351727 18.027756 31.400637 30.413813 47.26521 27.658634 69.89278 76.48529 14.422205 51.351727 69.260376 71.470276 9.219544 22.022715 52.49762 30.0 74.330345 52.392746 37.85499 22.0 10.440307 0.0 75.66373 67.89698
22.472204 58.728188 99.72964 26.683329 51.078373 101.0198 49.517673 50.96077 67.02985 31.95309 80.04999 101.86756 57.48913 74.330345 59.48109 84.15462 15.652476 39.698868 106.10372 83.00603 38.052597 66.24198 42.047592 34.713108 36.221542 59.0 101.65137 100.44899 59.665737 74.672615 14.035668 94.641426 37.161808 55.9017 94.19129 92.070625 36.138622 38.078865 31.04835 22.561028 42.44997 77.25283 48.38388 10.630146 58.60034 94.42987 30.149628 48.30114 78.714676 96.04687 9.055386 36.40055 44.777225 28.84441 57.706154 66.037865 47.434166 31.764761 64.884514 51.86521 25.0 63.03174 28.84441 32.280025 32.75668 82.764725 97.41663 56.22277 102.88343 17.029387 32.55764 38.052597 53.935146 85.28775 75.66373 0.0 22.472204
0.0 38.832977 84.48077 5.3851647 39.012817 87.47571 30.016663 28.635643 61.983868 24.166092 70.064255 91.04944 48.6621 57.58472 45.39824 71.44928 7.071068 22.561028 91.67879 65.30697 18.027756 51.1957 38.948685 29.529646 32.75668 55.154327 90.199776 91.08787 50.48762 62.201286 20.880613 86.579445 26.683329 36.05551 87.29834 83.294655 29.546574 25.079872 9.0 3.1622777 24.351591 64.381676 38.470768 14.0 37.48333 80.04999 10.29563 35.014282 63.788715 89.822044 20.024984 16.124516 22.36068 16.763054 50.447994 50.0 37.48333 20.880613 50.01 29.410883 8.944272 58.189346 16.763054 10.049875 11.045361 73.109505 89.80534 35.468296 91.26884 8.062258 16.03122 35.510563 46.32494 78.26238 67.89698 22.472204 0.0
p
0 0 0 0 0 0
0 0 0 0 0 0
0 0 0 0 0 0
0 0 0 0 0 0
0 0 0 0 0 0
0 0 0 0 0 0
0 0 0 0 0 0
0 0 0 0 0 0
0 0 0 0 0 0
0 0 0 0 0 0
0 0 0 0 0 0
0 0 0 0 0 0
0 0 0 0 0 0
0 0 0 0 0 0
0 0 0 0 0 0
11.0 11.0 11.0 11.0 11.0 11.0
11.0 11.0 11.0 11.0 11.0 11.0
11.0 11.0 11.0 11.0 11.0 11.0
11.0 11.0 11.0 11.0 11.0 11.0
11.0 11.0 11.0 11.0 11.0 11.0
11.0 11.0 11.0 11.0 11.0 11.0
11.0 11.0 11.0 11.0 11.0 11.0
11.0 11.0 11.0 11.0 11.0 11.0
11.0 11.0 11.0 11.0 11.0 11.0
11.0 11.0 11.0 11.0 11.0 11.0
11.0 11.0 11.0 11.0 11.0 11.0
11.0 11.0 11.0 11.0 11.0 11.0
11.0 11.0 11.0 11.0 11.0 11.0
11.0 11.0 11.0 11.0 11.0 11.0
11.0 11.0 11.0 11.0 11.0 11.0
11.0 11.0 11.0 11.0 11.0 11.0
11.0 11.0 11.0 11.0 11.0 11.0
11.0 11.0 11.0 11.0 11.0 11.0
11.0 11.0 11.0 11.0 11.0 11.0
11.0 11.0 11.0 11.0 11.0 11.0
11.0 11.0 11.0 11.0 11.0 11.0
11.0 11.0 11.0 11.0 11.0 11.0
11.0 11.0 11.0 11.0 11.0 11.0
11.0 11.0 11.0 11.0 11.0 11.0
11.0 11.0 11.0 11.0 11.0 11.0
11.0 11.0 11.0 11.0 11.0 11.0
11.0 11.0 11.0 11.0 11.0 11.0
11.0 11.0 11.0 11.0 11.0 11.0
11.0 11.0 11.0 11.0 11.0 11.0
11.0 11.0 11.0 11.0 11.0 11.0
11.0 11.0 11.0 11.0 11.0 11.0
11.0 11.0 11.0 11.0 11.0 11.0
11.0 11.0 11.0 11.0 11.0 11.0
11.0 11.0 11.0 11.0 11.0 11.0
11.0 11.0 11.0 11.0 11.0 11.0
11.0 11.0 11.0 11.0 11.0 11.0
11.0 11.0 11.0 11.0 11.0 11.0
11.0 11.0 11.0 11.0 11.0 11.0
11.0 11.0 11.0 11.0 11.0 11.0
11.0 11.0 11.0 11.0 11.0 11.0
11.0 11.0 11.0 11.0 11.0 11.0
11.0 11.0 11.0 11.0 11.0 11.0
11.0 11.0 11.0 11.0 11.0 11.0
11.0 11.0 11.0 11.0 11.0 11.0
11.0 11.0 11.0 11.0 11.0 11.0
11.0 11.0 11.0 11.0 11.0 11.0
11.0 11.0 11.0 11.0 11.0 11.0
11.0 11.0 11.0 11.0 11.0 11.0
11.0 11.0 11.0 11.0 11.0 11.0
11.0 11.0 11.0 11.0 11.0 11.0
11.0 11.0 11.0 11.0 11.0 11.0
11.0 11.0 11.0 11.0 11.0 11.0
11.0 11.0 11.0 11.0 11.0 11.0
11.0 11.0 11.0 11.0 11.0 11.0
11.0 11.0 11.0 11.0 11.0 11.0
11.0 11.0 11.0 11.0 11.0 11.0
11.0 11.0 11.0 11.0 11.0 11.0
11.0 11.0 11.0 11.0 11.0 11.0
11.0 11.0 11.0 11.0 11.0 11.0
11.0 11.0 11.0 11.0 11.0 11.0
11.0 11.0 11.0 11.0 11.0 11.0
11.0 11.0 11.0 11.0 11.0 11.0
11.0 11.0 11.0 11.0 11.0 11.0
11.0 11.0 11.0 11.0 11.0 11.0
11.0 11.0 11.0 11.0 11.0 11.0
11.0 11.0 11.0 11.0 11.0 11.0
11.0 11.0 11.0 11.0 11.0 11.0
11.0 11.0 11.0 11.0 11.0 11.0
11.0 11.0 11.0 11.0 11.0 11.0
11.0 11.0 11.0 11.0 11.0 11.0
11.0 11.0 11.0 11.0 11.0 11.0
11.0 11.0 11.0 11.0 11.0 11.0
11.0 11.0 11.0 11.0 11.0 11.0
11.0 11.0 11.0 11.0 11.0 11.0
11.0 11.0 11.0 11.0 11.0 11.0
11.0 11.0 11.0 11.0 11.0 11.0
11.0 11.0 11.0 11.0 11.0 11.0
11.0 11.0 11.0 11.0 11.0 11.0
11.0 11.0 11.0 11.0 11.0 11.0
11.0 11.0 11.0 11.0 11.0 11.0
11.0 11.0 11.0 11.0 11.0 11.0
11.0 11.0 11.0 11.0 11.0 11.0
11.0 11.0 11.0 11.0 11.0 11.0
11.0 11.0 11.0 11.0 11.0 11.0
11.0 11.0 11.0 11.0 11.0 11.0
11.0 11.0 11.0 11.0 11.0 11.0
11.0 11.0 11.0 11.0 11.0 11.0
11.0 11.0 11.0 11.0 11.0 11.0
11.0 11.0 11.0 11.0 11.0 11.0
11.0 11.0 11.0 11.0 11.0 11.0
11.0 11.0 11.0 11.0 11.0 11.0
11.0 11.0 11.0 11.0 11.0 11.0
11.0 11.0 11.0 11.0 11.0 11.0
11.0 11.0 11.0 11.0 11.0 11.0
11.0 11.0 11.0 11.0 11.0 11.0
11.0 11.0 11.0 11.0 11.0 11.0
11.0 11.0 11.0 11.0 11.0 11.0
11.0 11.0 11.0 11.0 11.0 11.0
11.0 11.0 11.0 11.0 11.0 11.0
11.0 11.0 11.0 11.0 11.0 11.0
11.0 11.0 11.0 11.0 11.0 11.0
11.0 11.0 11.0 11.0 11.0 11.0
11.0 11.0 11.0 11.0 11.0 11.0
11.0 11.0 11.0 11.0 11.0 11.0
11.0 11.0 11.0 11.0 11.0 11.0
11.0 11.0 11.0 11.0 11.0 11.0
11.0 11.0 11.0 11.0 11.0 11.0
11.0 11.0 11.0 11.0 11.0 11.0
11.0 11.0 11.0 11.0 11.0 11.0
11.0 11.0 11.0 11.0 11.0 11.0
11.0 11.0 11.0 11.0 11.0 11.0
11.0 11.0 11.0 11.0 11.0 11.0
11.0 11.0 11.0 11.0 11.0 11.0
11.0 11.0 11.0 11.0 11.0 11.0
11.0 11.0 11.0 11.0 11.0 11.0
11.0 11.0 11.0 11.0 11.0 11.0
11.0 11.0 11.0 11.0 11.0 11.0
11.0 11.0 11.0 11.0 11.0 11.0
11.0 11.0 11.0 11.0 11.0 11.0
11.0 11.0 11.0 11.0 11.0 11.0
11.0 11.0 11.0 11.0 11.0 11.0
11.0 11.0 11.0 11.0 11.0 11.0
11.0 11.0 11.0 11.0 11.0 11.0
11.0 11.0 11.0 11.0 11.0 11.0
11.0 11.0 11.0 11.0 11.0 11.0
11.0 11.0 11.0 11.0 11.0 11.0
11.0 11.0 11.0 11.0 11.0 11.0
11.0 11.0 11.0 11.0 11.0 11.0
11.0 11.0 11.0 11.0 11.0 11.0
11.0 11.0 11.0 11.0 11.0 11.0
11.0 11.0 11.0 11.0 11.0 11.0
11.0 11.0 11.0 11.0 11.0 11.0
11.0 11.0 11.0 11.0 11.0 11.0
11.0 11.0 11.0 11.0 11.0 11.0
11.0 11.0 11.0 11.0 11.0 11.0
11.0 11.0 11.0 11.0 11.0 11.0
11.0 11.0 11.0 11.0 11.0 11.0
11.0 11.0 11.0 11.0 11.0 11.0
11.0 11.0 11.0 11.0 11.0 11.0
11.0 11.0 11.0 11.0 11.0 11.0
11.0 11.0 11.0 11.0 11.0 11.0
11.0 11.0 11.0 11.0 11.0 11.0
11.0 11.0 11.0 11.0 11.0 11.0
11.0 11.0 11.0 11.0 11.0 11.0
11.0 11.0 11.0 11.0 11.0 11.0
11.0 11.0 11.0 11.0 11.0 11.0
11.0 11.0 11.0 11.0 11.0 11.0
11.0 11.0 11.0 11.0 11.0 11.0
11.0 11.0 11.0 11.0 11.0 11.0
11.0 11.0 11.0 11.0 11.0 11.0
11.0 11.0 11.0 11.0 11.0 11.0
11.0 11.0 11.0 11.0 11.0 11.0
11.0 11.0 11.0 11.0 11.0 11.0
11.0 11.0 11.0 11.0 11.0 11.0
11.0 11.0 11.0 11.0 11.0 11.0
11.0 11.0 11.0 11.0 11.0 11.0
11.0 11.0 11.0 11.0 11.0 11.0
11.0 11.0 11.0 11.0 11.0 11.0
11.0 11.0 11.0 11.0 11.0 11.0
11.0 11.0 11.0 11.0 11.0 11.0
11.0 11.0 11.0 11.0 11.0 11.0
11.0 11.0 11.0 11.0 11.0 11.0
11.0 11.0 11.0 11.0 11.0 11.0
11.0 11.0 11.0 11.0 11.0 11.0
11.0 11.0 11.0 11.0 11.0 11.0
11.0 11.0 11.0 11.0 11.0 11.0
11.0 11.0 11.0 11.0 11.0 11.0
11.0 11.0 11.0 11.0 11.0 11.0
11.0 11.0 11.0 11.0 11.0 11.0
11.0 11.0 11.0 11.0 11.0 11.0
11.0 11.0 11.0 11.0 11.0 11.0
11.0 11.0 11.0 11.0 11.0 11.0
11.0 11.0 11.0 11.0 11.0 11.0
11.0 11.0 11.0 11.0 11.0 11.0
11.0 11.0 11.0 11.0 11.0 11.0
11.0 11.0 11.0 11.0 11.0 11.0
11.0 11.0 11.0 11.0 11.0 11.0
11.0 11.0 11.0 11.0 11.0 11.0
11.0 11.0 11.0 11.0 11.0 11.0
11.0 11.0 11.0 11.0 11.0 11.0
11.0 11.0 11.0 11.0 11.0 11.0
11.0 11.0 11.0 11.0 11.0 11.0
11.0 11.0 11.0 11.0 11.0 11.0
11.0 11.0 11.0 11.0 11.0 11.0
11.0 11.0 11.0 11.0 11.0 11.0
11.0 11.0 11.0 11.0 11.0 11.0
11.0 11.0 11.0 11.0 11.0 11.0
11.0 11.0 11.0 11.0 11.0 11.0
11.0 11.0 11.0 11.0 11.0 11.0
11.0 11.0 11.0 11.0 11.0 11.0
11.0 11.0 11.0 11.0 11.0 11.0
11.0 11.0 11.0 11.0 11.0 11.0
11.0 11.0 11.0 11.0 11.0 11.0
11.0 11.0 11.0 11.0 11.0 11.0
11.0 11.0 11.0 11.0 11.0 11.0
11.0 11.0 11.0 11.0 11.0 11.0
11.0 11.0 11.0 11.0 11.0 11.0
11.0 11.0 11.0 11.0 11.0 11.0
11.0 11.0 11.0 11.0 11.0 11.0
11.0 11.0 11.0 11.0 11.0 11.0
11.0 11.0 11.0 11.0 11.0 11.0
11.0 11.0 11.0 11.0 11.0 11.0
11.0 11.0 11.0 11.0 11.0 11.0
11.0 11.0 11.0 11.0 11.0 11.0
11.0 11.0 11.0 11.0 11.0 11.0
11.0 11.0 11.0 11.0 11.0 11.0
11.0 11.0 11.0 11.0 11.0 11.0
11.0 11.0 11.0 11.0 11.0 11.0
11.0 11.0 11.0 11.0 11.0 11.0
11.0 11.0 11.0 11.0 11.0 11.0
11.0 11.0 11.0 11.0 11.0 11.0
11.0 11.0 11.0 11.0 11.0 11.0
11.0 11.0 11.0 11.0 11.0 11.0
11.0 11.0 11.0 11.0 11.0 11.0
11.0 11.0 11.0 11.0 11.0 11.0
11.0 11.0 11.0 11.0 11.0 11.0
11.0 11.0 11.0 11.0 11.0 11.0
11.0 11.0 11.0 11.0 11.0 11.0
11.0 11.0 11.0 11.0 11.0 11.0
11.0 11.0 11.0 11.0 11.0 11.0
11.0 11.0 11.0 11.0 11.0 11.0
11.0 11.0 11.0 11.0 11.0 11.0
11.0 11.0 11.0 11.0 11.0 11.0
11.0 11.0 11.0 11.0 11.0 11.0
11.0 11.0 11.0 11.0 11.0 11.0
11.0 11.0 11.0 11.0 11.0 11.0
11.0 11.0 11.0 11.0 11.0 11.0
11.0 11.0 11.0 11.0 11.0 11.0
11.0 11.0 11.0 11.0 11.0 11.0
11.0 11.0 11.0 11.0 11.0 11.0
11.0 11.0 11.0 11.0 11.0 11.0
11.0 11.0 11.0 11.0 11.0 11.0
11.0 11.0 11.0 11.0 11.0 11.0
11.0 11.0 11.0 11.0 11.0 11.0
11.0 11.0 11.0 11.0 11.0 11.0
11.0 11.0 11.0 11.0 11.0 11.0
11.0 11.0 11.0 11.0 11.0 11.0
11.0 11.0 11.0 11.0 11.0 11.0
11.0 11.0 11.0 11.0 11.0 11.0
11.0 11.0 11.0 11.0 11.0 11.0
11.0 11.0 11.0 11.0 11.0 11.0
11.0 11.0 11.0 11.0 11.0 11.0
11.0 11.0 11.0 11.0 11.0 11.0
11.0 11.0 11.0 11.0 11.0 11.0
11.0 11.0 11.0 11.0 11.0 11.0
11.0 11.0 11.0 11.0 11.0 11.0
11.0 11.0 11.0 11.0 11.0 11.0
11.0 11.0 11.0 11.0 11.0 11.0
11.0 11.0 11.0 11.0 11.0 11.0
11.0 11.0 11.0 11.0 11.0 11.0
11.0 11.0 11.0 11.0 11.0 11.0
11.0 11.0 11.0 11.0 11.0 11.0
11.0 11.0 11.0 11.0 11.0 11.0
11.0 11.0 11.0 11.0 11.0 11.0
11.0 11.0 11.0 11.0 11.0 11.0
11.0 11.0 11.0 11.0 11.0 11.0
11.0 11.0 11.0 11.0 11.0 11.0
11.0 11.0 11.0 11.0 11.0 11.0
11.0 11.0 11.0 11.0 11.0 11.0
11.0 11.0 11.0 11.0 11.0 11.0
11.0 11.0 11.0 11.0 11.0 11.0
11.0 11.0 11.0 11.0 11.0 11.0
11.0 11.0 11.0 11.0 11.0 11.0
11.0 11.0 11.0 11.0 11.0 11.0
11.0 11.0 11.0 11.0 11.0 11.0
11.0 11.0 11.0 11.0 11.0 11.0
11.0 11.0 11.0 11.0 11.0 11.0
11.0 11.0 11.0 11.0 11.0 11.0
11.0 11.0 11.0 11.0 11.0 11.0
11.0 11.0 11.0 11.0 11.0 11.0
11.0 11.0 11.0 11.0 11.0 11.0
11.0 11.0 11.0 11.0 11.0 11.0
11.0 11.0 11.0 11.0 11.0 11.0
11.0 11.0 11.0 11.0 11.0 11.0
11.0 11.0 11.0 11.0 11.0 11.0
11.0 11.0 11.0 11.0 11.0 11.0
11.0 11.0 11.0 11.0 11.0 11.0
11.0 11.0 11.0 11.0 11.0 11.0
11.0 11.0 11.0 11.0 11.0 11.0
11.0 11.0 11.0 11.0 11.0 11.0
11.0 11.0 11.0 11.0 11.0 11.0
11.0 11.0 11.0 11.0 11.0 11.0
11.0 11.0 11.0 11.0 11.0 11.0
11.0 11.0 11.0 11.0 11.0 11.0
11.0 11.0 11.0 11.0 11.0 11.0
11.0 11.0 11.0 11.0 11.0 11.0
11.0 11.0 11.0 11.0 11.0 11.0
11.0 11.0 11.0 11.0 11.0 11.0
11.0 11.0 11.0 11.0 11.0 11.0
11.0 11.0 11.0 11.0 11.0 11.0
11.0 11.0 11.0 11.0 11.0 11.0
11.0 11.0 11.0 11.0 11.0 11.0
11.0 11.0 11.0 11.0 11.0 11.0
11.0 11.0 11.0 11.0 11.0 11.0
11.0 11.0 11.0 11.0 11.0 11.0
11.0 11.0 11.0 11.0 11.0 11.0
11.0 11.0 11.0 11.0 11.0 11.0
11.0 11.0 11.0 11.0 11.0 11.0
11.0 11.0 11.0 11.0 11.0 11.0
11.0 11.0 11.0 11.0 11.0 11.0
11.0 11.0 11.0 11.0 11.0 11.0
11.0 11.0 11.0 11.0 11.0 11.0
11.0 11.0 11.0 11.0 11.0 11.0
11.0 11.0 11.0 11.0 11.0 11.0
11.0 11.0 11.0 11.0 11.0 11.0
11.0 11.0 11.0 11.0 11.0 11.0
11.0 11.0 11.0 11.0 11.0 11.0
11.0 11.0 11.0 11.0 11.0 11.0
11.0 11.0 11.0 11.0 11.0 11.0
11.0 11.0 11.0 11.0 11.0 11.0
11.0 11.0 11.0 11.0 11.0 11.0
11.0 11.0 11.0 11.0 11.0 11.0
11.0 11.0 11.0 11.0 11.0 11.0
11.0 11.0 11.0 11.0 11.0 11.0
11.0 11.0 11.0 11.0 11.0 11.0
11.0 11.0 11.0 11.0 11.0 11.0
11.0 11.0 11.0 11.0 11.0 11.0
11.0 11.0 11.0 11.0 11.0 11.0
11.0 11.0 11.0 11.0 11.0 11.0
11.0 11.0 11.0 11.0 11.0 11.0
11.0 11.0 11.0 11.0 11.0 11.0
11.0 11.0 11.0 11.0 11.0 11.0
11.0 11.0 11.0 11.0 11.0 11.0
11.0 11.0 11.0 11.0 11.0 11.0
11.0 11.0 11.0 11.0 11.0 11.0
11.0 11.0 11.0 11.0 11.0 11.0
11.0 11.0 11.0 11.0 11.0 11.0
11.0 11.0 11.0 11.0 11.0 11.0
11.0 11.0 11.0 11.0 11.0 11.0
11.0 11.0 11.0 11.0 11.0 11.0
11.0 11.0 11.0 11.0 11.0 11.0
11.0 11.0 11.0 11.0 11.0 11.0
11.0 11.0 11.0 11.0 11.0 11.0
11.0 11.0 11.0 11.0 11.0 11.0
11.0 11.0 11.0 11.0 11.0 11.0
11.0 11.0 11.0 11.0 11.0 11.0
11.0 11.0 11.0 11.0 11.0 11.0
11.0 11.0 11.0 11.0 11.0 11.0
11.0 11.0 11.0 11.0 11.0 11.0
11.0 11.0 11.0 11.0 11.0 11.0
11.0 11.0 11.0 11.0 11.0 11.0
11.0 11.0 11.0 11.0 11.0 11.0
11.0 11.0 11.0 11.0 11.0 11.0
11.0 11.0 11.0 11.0 11.0 11.0
11.0 11.0 11.0 11.0 11.0 11.0
11.0 11.0 11.0 11.0 11.0 11.0
11.0 11.0 11.0 11.0 11.0 11.0
11.0 11.0 11.0 11.0 11.0 11.0
11.0 11.0 11.0 11.0 11.0 11.0
11.0 11.0 11.0 11.0 11.0 11.0
11.0 11.0 11.0 11.0 11.0 11.0
11.0 11.0 11.0 11.0 11.0 11.0
11.0 11.0 11.0 11.0 11.0 11.0
11.0 11.0 11.0 11.0 11.0 11.0
11.0 11.0 11.0 11.0 11.0 11.0
11.0 11.0 11.0 11.0 11.0 11.0
11.0 11.0 11.0 11.0 11.0 11.0
11.0 11.0 11.0 11.0 11.0 11.0
11.0 11.0 11.0 11.0 11.0 11.0
11.0 11.0 11.0 11.0 11.0 11.0
11.0 11.0 11.0 11.0 11.0 11.0
11.0 11.0 11.0 11.0 11.0 11.0
11.0 11.0 11.0 11.0 11.0 11.0
11.0 11.0 11.0 11.0 11.0 11.0
11.0 11.0 11.0 11.0 11.0 11.0
11.0 11.0 11.0 11.0 11.0 11.0
11.0 11.0 11.0 11.0 11.0 11.0
11.0 11.0 11.0 11.0 11.0 11.0
11.0 11.0 11.0 11.0 11.0 11.0
11.0 11.0 11.0 11.0 11.0 11.0
11.0 11.0 11.0 11.0 11.0 11.0
11.0 11.0 11.0 11.0 11.0 11.0
11.0 11.0 11.0 11.0 11.0 11.0
11.0 11.0 11.0 11.0 11.0 11.0
11.0 11.0 11.0 11.0 11.0 11.0
11.0 11.0 11.0 11.0 11.0 11.0
11.0 11.0 11.0 11.0 11.0 11.0
11.0 11.0 11.0 11.0 11.0 11.0
11.0 11.0 11.0 11.0 11.0 11.0
11.0 11.0 11.0 11.0 11.0 11.0
11.0 11.0 11.0 11.0 11.0 11.0
11.0 11.0 11.0 11.0 11.0 11.0
11.0 11.0 11.0 11.0 11.0 11.0
11.0 11.0 11.0 11.0 11.0 11.0
11.0 11.0 11.0 11.0 11.0 11.0
11.0 11.0 11.0 11.0 11.0 11.0
11.0 11.0 11.0 11.0 11.0 11.0
11.0 11.0 11.0 11.0 11.0 11.0
11.0 11.0 11.0 11.0 11.0 11.0
11.0 11.0 11.0 11.0 11.0 11.0
11.0 11.0 11.0 11.0 11.0 11.0
11.0 11.0 11.0 11.0 11.0 11.0
11.0 11.0 11.0 11.0 11.0 11.0
11.0 11.0 11.0 11.0 11.0 11.0
11.0 11.0 11.0 11.0 11.0 11.0
11.0 11.0 11.0 11.0 11.0 11.0
11.0 11.0 11.0 11.0 11.0 11.0
11.0 11.0 11.0 11.0 11.0 11.0
11.0 11.0 11.0 11.0 11.0 11.0
11.0 11.0 11.0 11.0 11.0 11.0
11.0 11.0 11.0 11.0 11.0 11.0
11.0 11.0 11.0 11.0 11.0 11.0
11.0 11.0 11.0 11.0 11.0 11.0
11.0 11.0 11.0 11.0 11.0 11.0
11.0 11.0 11.0 11.0 11.0 11.0
11.0 11.0 11.0 11.0 11.0 11.0
11.0 11.0 11.0 11.0 11.0 11.0
11.0 11.0 11.0 11.0 11.0 11.0
11.0 11.0 11.0 11.0 11.0 11.0
11.0 11.0 11.0 11.0 11.0 11.0
11.0 11.0 11.0 11.0 11.0 11.0
11.0 11.0 11.0 11.0 11.0 11.0
11.0 11.0 11.0 11.0 11.0 11.0
11.0 11.0 11.0 11.0 11.0 11.0
11.0 11.0 11.0 11.0 11.0 11.0
11.0 11.0 11.0 11.0 11.0 11.0
11.0 11.0 11.0 11.0 11.0 11.0
11.0 11.0 11.0 11.0 11.0 11.0
11.0 11.0 11.0 11.0 11.0 11.0
11.0 11.0 11.0 11.0 11.0 11.0
11.0 11.0 11.0 11.0 11.0 11.0
11.0 11.0 11.0 11.0 11.0 11.0
11.0 11.0 11.0 11.0 11.0 11.0
11.0 11.0 11.0 11.0 11.0 11.0
11.0 11.0 11.0 11.0 11.0 11.0
11.0 11.0 11.0 11.0 11.0 11.0
11.0 11.0 11.0 11.0 11.0 11.0
11.0 11.0 11.0 11.0 11.0 11.0
11.0 11.0 11.0 11.0 11.0 11.0
11.0 11.0 11.0 11.0 11.0 11.0
11.0 11.0 11.0 11.0 11.0 11.0
11.0 11.0 11.0 11.0 11.0 11.0
11.0 11.0 11.0 11.0 11.0 11.0
11.0 11.0 11.0 11.0 11.0 11.0
11.0 11.0 11.0 11.0 11.0 11.0
11.0 11.0 11.0 11.0 11.0 11.0
11.0 11.0 11.0 11.0 11.0 11.0
11.0 11.0 11.0 11.0 11.0 11.0
11.0 11.0 11.0 11.0 11.0 11.0
11.0 11.0 11.0 11.0 11.0 11.0
11.0 11.0 11.0 11.0 11.0 11.0
11.0 11.0 11.0 11.0 11.0 11.0
11.0 11.0 11.0 11.0 11.0 11.0
11.0 11.0 11.0 11.0 11.0 11.0
11.0 11.0 11.0 11.0 11.0 11.0
11.0 11.0 11.0 11.0 11.0 11.0
11.0 11.0 11.0 11.0 11.0 11.0
11.0 11.0 11.0 11.0 11.0 11.0
11.0 11.0 11.0 11.0 11.0 11.0
11.0 11.0 11.0 11.0 11.0 11.0
11.0 11.0 11.0 11.0 11.0 11.0
11.0 11.0 11.0 11.0 11.0 11.0
11.0 11.0 11.0 11.0 11.0 11.0
11.0 11.0 11.0 11.0 11.0 11.0
11.0 11.0 11.0 11.0 11.0 11.0
11.0 11.0 11.0 11.0 11.0 11.0
11.0 11.0 11.0 11.0 11.0 11.0
11.0 11.0 11.0 11.0 11.0 11.0
11.0 11.0 11.0 11.0 11.0 11.0
11.0 11.0 11.0 11.0 11.0 11.0
11.0 11.0 11.0 11.0 11.0 11.0
11.0 11.0 11.0 11.0 11.0 11.0
11.0 11.0 11.0 11.0 11.0 11.0
11.0 11.0 11.0 11.0 11.0 11.0
11.0 11.0 11.0 11.0 11.0 11.0
11.0 11.0 11.0 11.0 11.0 11.0
11.0 11.0 11.0 11.0 11.0 11.0
11.0 11.0 11.0 11.0 11.0 11.0
11.0 11.0 11.0 11.0 11.0 11.0
11.0 11.0 11.0 11.0 11.0 11.0
11.0 11.0 11.0 11.0 11.0 11.0
11.0 11.0 11.0 11.0 11.0 11.0
11.0 11.0 11.0 11.0 11.0 11.0
11.0 11.0 11.0 11.0 11.0 11.0
11.0 11.0 11.0 11.0 11.0 11.0
11.0 11.0 11.0 11.0 11.0 11.0
11.0 11.0 11.0 11.0 11.0 11.0
11.0 11.0 11.0 11.0 11.0 11.0
11.0 11.0 11.0 11.0 11.0 11.0
11.0 11.0 11.0 11.0 11.0 11.0
11.0 11.0 11.0 11.0 11.0 11.0
11.0 11.0 11.0 11.0 11.0 11.0
11.0 11.0 11.0 11.0 11.0 11.0
11.0 11.0 11.0 11.0 11.0 11.0
11.0 11.0 11.0 11.0 11.0 11.0
11.0 11.0 11.0 11.0 11.0 11.0
11.0 11.0 11.0 11.0 11.0 11.0
11.0 11.0 11.0 11.0 11.0 11.0
11.0 11.0 11.0 11.0 11.0 11.0
11.0 11.0 11.0 11.0 11.0 11.0
11.0 11.0 11.0 11.0 11.0 11.0
11.0 11.0 11.0 11.0 11.0 11.0
11.0 11.0 11.0 11.0 11.0 11.0
11.0 11.0 11.0 11.0 11.0 11.0
11.0 11.0 11.0 11.0 11.0 11.0
11.0 11.0 11.0 11.0 11.0 11.0
11.0 11.0 11.0 11.0 11.0 11.0
11.0 11.0 11.0 11.0 11.0 11.0
11.0 11.0 11.0 11.0 11.0 11.0
11.0 11.0 11.0 11.0 11.0 11.0
11.0 11.0 11.0 11.0 11.0 11.0
11.0 11.0 11.0 11.0 11.0 11.0
11.0 11.0 11.0 11.0 11.0 11.0
11.0 11.0 11.0 11.0 11.0 11.0
11.0 11.0 11.0 11.0 11.0 11.0
11.0 11.0 11.0 11.0 11.0 11.0
11.0 11.0 11.0 11.0 11.0 11.0
11.0 11.0 11.0 11.0 11.0 11.0
11.0 11.0 11.0 11.0 11.0 11.0
11.0 11.0 11.0 11.0 11.0 11.0
11.0 11.0 11.0 11.0 11.0 11.0
11.0 11.0 11.0 11.0 11.0 11.0
11.0 11.0 11.0 11.0 11.0 11.0
11.0 11.0 11.0 11.0 11.0 11.0
11.0 11.0 11.0 11.0 11.0 11.0
11.0 11.0 11.0 11.0 11.0 11.0
11.0 11.0 11.0 11.0 11.0 11.0
11.0 11.0 11.0 11.0 11.0 11.0
11.0 11.0 11.0 11.0 11.0 11.0
11.0 11.0 11.0 11.0 11.0 11.0
11.0 11.0 11.0 11.0 11.0 11.0
11.0 11.0 11.0 11.0 11.0 11.0
11.0 11.0 11.0 11.0 11.0 11.0
11.0 11.0 11.0 11.0 11.0 11.0
11.0 11.0 11.0 11.0 11.0 11.0
11.0 11.0 11.0 11.0 11.0 11.0
11.0 11.0 11.0 11.0 11.0 11.0
11.0 11.0 11.0 11.0 11.0 11.0
11.0 11.0 11.0 11.0 11.0 11.0
11.0 11.0 11.0 11.0 11.0 11.0
11.0 11.0 11.0 11.0 11.0 11.0
11.0 11.0 11.0 11.0 11.0 11.0
11.0 11.0 11.0 11.0 11.0 11.0
11.0 11.0 11.0 11.0 11.0 11.0
11.0 11.0 11.0 11.0 11.0 11.0
11.0 11.0 11.0 11.0 11.0 11.0
11.0 11.0 11.0 11.0 11.0 11.0
11.0 11.0 11.0 11.0 11.0 11.0
11.0 11.0 11.0 11.0 11.0 11.0
11.0 11.0 11.0 11.0 11.0 11.0
11.0 11.0 11.0 11.0 11.0 11.0
11.0 11.0 11.0 11.0 11.0 11.0
11.0 11.0 11.0 11.0 11.0 11.0
11.0 11.0 11.0 11.0 11.0 11.0
11.0 11.0 11.0 11.0 11.0 11.0
11.0 11.0 11.0 11.0 11.0 11.0
11.0 11.0 11.0 11.0 11.0 11.0
11.0 11.0 11.0 11.0 11.0 11.0
11.0 11.0 11.0 11.0 11.0 11.0
11.0 11.0 11.0 11.0 11.0 11.0
11.0 11.0 11.0 11.0 11.0 11.0
11.0 11.0 11.0 11.0 11.0 11.0
11.0 11.0 11.0 11.0 11.0 11.0
11.0 11.0 11.0 11.0 11.0 11.0
11.0 11.0 11.0 11.0 11.0 11.0
11.0 11.0 11.0 11.0 11.0 11.0
11.0 11.0 11.0 11.0 11.0 11.0
11.0 11.0 11.0 11.0 11.0 11.0
11.0 11.0 11.0 11.0 11.0 11.0
11.0 11.0 11.0 11.0 11.0 11.0
11.0 11.0 11.0 11.0 11.0 11.0
11.0 11.0 11.0 11.0 11.0 11.0
11.0 11.0 11.0 11.0 11.0 11.0
11.0 11.0 11.0 11.0 11.0 11.0
11.0 11.0 11.0 11.0 11.0 11.0
11.0 11.0 11.0 11.0 11.0 11.0
11.0 11.0 11.0 11.0 11.0 11.0
11.0 11.0 11.0 11.0 11.0 11.0
11.0 11.0 11.0 11.0 11.0 11.0
11.0 11.0 11.0 11.0 11.0 11.0
11.0 11.0 11.0 11.0 11.0 11.0
11.0 11.0 11.0 11.0 11.0 11.0
11.0 11.0 11.0 11.0 11.0 11.0
11.0 11.0 11.0 11.0 11.0 11.0
11.0 11.0 11.0 11.0 11.0 11.0
11.0 11.0 11.0 11.0 11.0 11.0
11.0 11.0 11.0 11.0 11.0 11.0
11.0 11.0 11.0 11.0 11.0 11.0
11.0 11.0 11.0 11.0 11.0 11.0
11.0 11.0 11.0 11.0 11.0 11.0
11.0 11.0 11.0 11.0 11.0 11.0
11.0 11.0 11.0 11.0 11.0 11.0
11.0 11.0 11.0 11.0 11.0 11.0
11.0 11.0 11.0 11.0 11.0 11.0
11.0 11.0 11.0 11.0 11.0 11.0
11.0 11.0 11.0 11.0 11.0 11.0
11.0 11.0 11.0 11.0 11.0 11.0
11.0 11.0 11.0 11.0 11.0 11.0
11.0 11.0 11.0 11.0 11.0 11.0
11.0 11.0 11.0 11.0 11.0 11.0
11.0 11.0 11.0 11.0 11.0 11.0
11.0 11.0 11.0 11.0 11.0 11.0
11.0 11.0 11.0 11.0 11.0 11.0
11.0 11.0 11.0 11.0 11.0 11.0
11.0 11.0 11.0 11.0 11.0 11.0
11.0 11.0 11.0 11.0 11.0 11.0
11.0 11.0 11.0 11.0 11.0 11.0
11.0 11.0 11.0 11.0 11.0 11.0
11.0 11.0 11.0 11.0 11.0 11.0
11.0 11.0 11.0 11.0 11.0 11.0
11.0 11.0 11.0 11.0 11.0 11.0
11.0 11.0 11.0 11.0 11.0 11.0
11.0 11.0 11.0 11.0 11.0 11.0
11.0 11.0 11.0 11.0 11.0 11.0
11.0 11.0 11.0 11.0 11.0 11.0
11.0 11.0 11.0 11.0 11.0 11.0
11.0 11.0 11.0 11.0 11.0 11.0
11.0 11.0 11.0 11.0 11.0 11.0
11.0 11.0 11.0 11.0 11.0 11.0
11.0 11.0 11.0 11.0 11.0 11.0
11.0 11.0 11.0 11.0 11.0 11.0
11.0 11.0 11.0 11.0 11.0 11.0
11.0 11.0 11.0 11.0 11.0 11.0
11.0 11.0 11.0 11.0 11.0 11.0
11.0 11.0 11.0 11.0 11.0 11.0
11.0 11.0 11.0 11.0 11.0 11.0
11.0 11.0 11.0 11.0 11.0 11.0
11.0 11.0 11.0 11.0 11.0 11.0
11.0 11.0 11.0 11.0 11.0 11.0
11.0 11.0 11.0 11.0 11.0 11.0
11.0 11.0 11.0 11.0 11.0 11.0
11.0 11.0 11.0 11.0 11.0 11.0
11.0 11.0 11.0 11.0 11.0 11.0
11.0 11.0 11.0 11.0 11.0 11.0
11.0 11.0 11.0 11.0 11.0 11.0
11.0 11.0 11.0 11.0 11.0 11.0
11.0 11.0 11.0 11.0 11.0 11.0
11.0 11.0 11.0 11.0 11.0 11.0
11.0 11.0 11.0 11.0 11.0 11.0
11.0 11.0 11.0 11.0 11.0 11.0
11.0 11.0 11.0 11.0 11.0 11.0
11.0 11.0 11.0 11.0 11.0 11.0
11.0 11.0 11.0 11.0 11.0 11.0
11.0 11.0 11.0 11.0 11.0 11.0
11.0 11.0 11.0 11.0 11.0 11.0
11.0 11.0 11.0 11.0 11.0 11.0
11.0 11.0 11.0 11.0 11.0 11.0
11.0 11.0 11.0 11.0 11.0 11.0
11.0 11.0 11.0 11.0 11.0 11.0
11.0 11.0 11.0 11.0 11.0 11.0
11.0 11.0 11.0 11.0 11.0 11.0
11.0 11.0 11.0 11.0 11.0 11.0
11.0 11.0 11.0 11.0 11.0 11.0
11.0 11.0 11.0 11.0 11.0 11.0
11.0 11.0 11.0 11.0 11.0 11.0
11.0 11.0 11.0 11.0 11.0 11.0
11.0 11.0 11.0 11.0 11.0 11.0
11.0 11.0 11.0 11.0 11.0 11.0
11.0 11.0 11.0 11.0 11.0 11.0
11.0 11.0 11.0 11.0 11.0 11.0
11.0 11.0 11.0 11.0 11.0 11.0
11.0 11.0 11.0 11.0 11.0 11.0
11.0 11.0 11.0 11.0 11.0 11.0
11.0 11.0 11.0 11.0 11.0 11.0
11.0 11.0 11.0 11.0 11.0 11.0
11.0 11.0 11.0 11.0 11.0 11.0
11.0 11.0 11.0 11.0 11.0 11.0
11.0 11.0 11.0 11.0 11.0 11.0
11.0 11.0 11.0 11.0 11.0 11.0
11.0 11.0 11.0 11.0 11.0 11.0
11.0 11.0 11.0 11.0 11.0 11.0
11.0 11.0 11.0 11.0 11.0 11.0
11.0 11.0 11.0 11.0 11.0 11.0
11.0 11.0 11.0 11.0 11.0 11.0
11.0 11.0 11.0 11.0 11.0 11.0
11.0 11.0 11.0 11.0 11.0 11.0
11.0 11.0 11.0 11.0 11.0 11.0
11.0 11.0 11.0 11.0 11.0 11.0
11.0 11.0 11.0 11.0 11.0 11.0
11.0 11.0 11.0 11.0 11.0 11.0
11.0 11.0 11.0 11.0 11.0 11.0
11.0 11.0 11.0 11.0 11.0 11.0
11.0 11.0 11.0 11.0 11.0 11.0
11.0 11.0 11.0 11.0 11.0 11.0
11.0 11.0 11.0 11.0 11.0 11.0
11.0 11.0 11.0 11.0 11.0 11.0
11.0 11.0 11.0 11.0 11.0 11.0
11.0 11.0 11.0 11.0 11.0 11.0
11.0 11.0 11.0 11.0 11.0 11.0
11.0 11.0 11.0 11.0 11.0 11.0
11.0 11.0 11.0 11.0 11.0 11.0
11.0 11.0 11.0 11.0 11.0 11.0
11.0 11.0 11.0 11.0 11.0 11.0
11.0 11.0 11.0 11.0 11.0 11.0
11.0 11.0 11.0 11.0 11.0 11.0
11.0 11.0 11.0 11.0 11.0 11.0
11.0 11.0 11.0 11.0 11.0 11.0
11.0 11.0 11.0 11.0 11.0 11.0
11.0 11.0 11.0 11.0 11.0 11.0
11.0 11.0 11.0 11.0 11.0 11.0
11.0 11.0 11.0 11.0 11.0 11.0
11.0 11.0 11.0 11.0 11.0 11.0
11.0 11.0 11.0 11.0 11.0 11.0
11.0 11.0 11.0 11.0 11.0 11.0
11.0 11.0 11.0 11.0 11.0 11.0
11.0 11.0 11.0 11.0 11.0 11.0
11.0 11.0 11.0 11.0 11.0 11.0
11.0 11.0 11.0 11.0 11.0 11.0
11.0 11.0 11.0 11.0 11.0 11.0
11.0 11.0 11.0 11.0 11.0 11.0
11.0 11.0 11.0 11.0 11.0 11.0
11.0 11.0 11.0 11.0 11.0 11.0
11.0 11.0 11.0 11.0 11.0 11.0
11.0 11.0 11.0 11.0 11.0 11.0
11.0 11.0 11.0 11.0 11.0 11.0
11.0 11.0 11.0 11.0 11.0 11.0
11.0 11.0 11.0 11.0 11.0 11.0
11.0 11.0 11.0 11.0 11.0 11.0
11.0 11.0 11.0 11.0 11.0 11.0
11.0 11.0 11.0 11.0 11.0 11.0
11.0 11.0 11.0 11.0 11.0 11.0
11.0 11.0 11.0 11.0 11.0 11.0
11.0 11.0 11.0 11.0 11.0 11.0
11.0 11.0 11.0 11.0 11.0 11.0
11.0 11.0 11.0 11.0 11.0 11.0
11.0 11.0 11.0 11.0 11.0 11.0
11.0 11.0 11.0 11.0 11.0 11.0
11.0 11.0 11.0 11.0 11.0 11.0
11.0 11.0 11.0 11.0 11.0 11.0
11.0 11.0 11.0 11.0 11.0 11.0
11.0 11.0 11.0 11.0 11.0 11.0
11.0 11.0 11.0 11.0 11.0 11.0
11.0 11.0 11.0 11.0 11.0 11.0
11.0 11.0 11.0 11.0 11.0 11.0
11.0 11.0 11.0 11.0 11.0 11.0
11.0 11.0 11.0 11.0 11.0 11.0
11.0 11.0 11.0 11.0 11.0 11.0
11.0 11.0 11.0 11.0 11.0 11.0
11.0 11.0 11.0 11.0 11.0 11.0
11.0 11.0 11.0 11.0 11.0 11.0
11.0 11.0 11.0 11.0 11.0 11.0
11.0 11.0 11.0 11.0 11.0 11.0
11.0 11.0 11.0 11.0 11.0 11.0
11.0 11.0 11.0 11.0 11.0 11.0
11.0 11.0 11.0 11.0 11.0 11.0
11.0 11.0 11.0 11.0 11.0 11.0
11.0 11.0 11.0 11.0 11.0 11.0
11.0 11.0 11.0 11.0 11.0 11.0
11.0 11.0 11.0 11.0 11.0 11.0
11.0 11.0 11.0 11.0 11.0 11.0
11.0 11.0 11.0 11.0 11.0 11.0
11.0 11.0 11.0 11.0 11.0 11.0
11.0 11.0 11.0 11.0 11.0 11.0
11.0 11.0 11.0 11.0 11.0 11.0
11.0 11.0 11.0 11.0 11.0 11.0
11.0 11.0 11.0 11.0 11.0 11.0
11.0 11.0 11.0 11.0 11.0 11.0
11.0 11.0 11.0 11.0 11.0 11.0
11.0 11.0 11.0 11.0 11.0 11.0
11.0 11.0 11.0 11.0 11.0 11.0
11.0 11.0 11.0 11.0 11.0 11.0
11.0 11.0 11.0 11.0 11.0 11.0
11.0 11.0 11.0 11.0 11.0 11.0
11.0 11.0 11.0 11.0 11.0 11.0
11.0 11.0 11.0 11.0 11.0 11.0
11.0 11.0 11.0 11.0 11.0 11.0
11.0 11.0 11.0 11.0 11.0 11.0
11.0 11.0 11.0 11.0 11.0 11.0
11.0 11.0 11.0 11.0 11.0 11.0
11.0 11.0 11.0 11.0 11.0 11.0
11.0 11.0 11.0 11.0 11.0 11.0
11.0 11.0 11.0 11.0 11.0 11.0
11.0 11.0 11.0 11.0 11.0 11.0
11.0 11.0 11.0 11.0 11.0 11.0
11.0 11.0 11.0 11.0 11.0 11.0
11.0 11.0 11.0 11.0 11.0 11.0
11.0 11.0 11.0 11.0 11.0 11.0
11.0 11.0 11.0 11.0 11.0 11.0
11.0 11.0 11.0 11.0 11.0 11.0
11.0 11.0 11.0 11.0 11.0 11.0
11.0 11.0 11.0 11.0 11.0 11.0
11.0 11.0 11.0 11.0 11.0 11.0
11.0 11.0 11.0 11.0 11.0 11.0
11.0 11.0 11.0 11.0 11.0 11.0
11.0 11.0 11.0 11.0 11.0 11.0
11.0 11.0 11.0 11.0 11.0 11.0
11.0 11.0 11.0 11.0 11.0 11.0
11.0 11.0 11.0 11.0 11.0 11.0
11.0 11.0 11.0 11.0 11.0 11.0
11.0 11.0 11.0 11.0 11.0 11.0
11.0 11.0 11.0 11.0 11.0 11.0
11.0 11.0 11.0 11.0 11.0 11.0
11.0 11.0 11.0 11.0 11.0 11.0
11.0 11.0 11.0 11.0 11.0 11.0
11.0 11.0 11.0 11.0 11.0 11.0
11.0 11.0 11.0 11.0 11.0 11.0
11.0 11.0 11.0 11.0 11.0 11.0
11.0 11.0 11.0 11.0 11.0 11.0
11.0 11.0 11.0 11.0 11.0 11.0
11.0 11.0 11.0 11.0 11.0 11.0
11.0 11.0 11.0 11.0 11.0 11.0
11.0 11.0 11.0 11.0 11.0 11.0
11.0 11.0 11.0 11.0 11.0 11.0
11.0 11.0 11.0 11.0 11.0 11.0
11.0 11.0 11.0 11.0 11.0 11.0
11.0 11.0 11.0 11.0 11.0 11.0
11.0 11.0 11.0 11.0 11.0 11.0
11.0 11.0 11.0 11.0 11.0 11.0
11.0 11.0 11.0 11.0 11.0 11.0
11.0 11.0 11.0 11.0 11.0 11.0
11.0 11.0 11.0 11.0 11.0 11.0
11.0 11.0 11.0 11.0 11.0 11.0
11.0 11.0 11.0 11.0 11.0 11.0
11.0 11.0 11.0 11.0 11.0 11.0
11.0 11.0 11.0 11.0 11.0 11.0
11.0 11.0 11.0 11.0 11.0 11.0
11.0 11.0 11.0 11.0 11.0 11.0
11.0 11.0 11.0 11.0 11.0 11.0
11.0 11.0 11.0 11.0 11.0 11.0
11.0 11.0 11.0 11.0 11.0 11.0
11.0 11.0 11.0 11.0 11.0 11.0
11.0 11.0 11.0 11.0 11.0 11.0
11.0 11.0 11.0 11.0 11.0 11.0
11.0 11.0 11.0 11.0 11.0 11.0
11.0 11.0 11.0 11.0 11.0 11.0
11.0 11.0 11.0 11.0 11.0 11.0
11.0 11.0 11.0 11.0 11.0 11.0
11.0 11.0 11.0 11.0 11.0 11.0
11.0 11.0 11.0 11.0 11.0 11.0
11.0 11.0 11.0 11.0 11.0 11.0
11.0 11.0 11.0 11.0 11.0 11.0
11.0 11.0 11.0 11.0 11.0 11.0
11.0 11.0 11.0 11.0 11.0 11.0
11.0 11.0 11.0 11.0 11.0 11.0
11.0 11.0 11.0 11.0 11.0 11.0
11.0 11.0 11.0 11.0 11.0 11.0
11.0 11.0 11.0 11.0 11.0 11.0
11.0 11.0 11.0 11.0 11.0 11.0
11.0 11.0 11.0 11.0 11.0 11.0
11.0 11.0 11.0 11.0 11.0 11.0
11.0 11.0 11.0 11.0 11.0 11.0
11.0 11.0 11.0 11.0 11.0 11.0
11.0 11.0 11.0 11.0 11.0 11.0
11.0 11.0 11.0 11.0 11.0 11.0
11.0 11.0 11.0 11.0 11.0 11.0
11.0 11.0 11.0 11.0 11.0 11.0
11.0 11.0 11.0 11.0 11.0 11.0
11.0 11.0 11.0 11.0 11.0 11.0
11.0 11.0 11.0 11.0 11.0 11.0
11.0 11.0 11.0 11.0 11.0 11.0
11.0 11.0 11.0 11.0 11.0 11.0
11.0 11.0 11.0 11.0 11.0 11.0
11.0 11.0 11.0 11.0 11.0 11.0
11.0 11.0 11.0 11.0 11.0 11.0
11.0 11.0 11.0 11.0 11.0 11.0
11.0 11.0 11.0 11.0 11.0 11.0
11.0 11.0 11.0 11.0 11.0 11.0
11.0 11.0 11.0 11.0 11.0 11.0
11.0 11.0 11.0 11.0 11.0 11.0
11.0 11.0 11.0 11.0 11.0 11.0
11.0 11.0 11.0 11.0 11.0 11.0
11.0 11.0 11.0 11.0 11.0 11.0
11.0 11.0 11.0 11.0 11.0 11.0
11.0 11.0 11.0 11.0 11.0 11.0
11.0 11.0 11.0 11.0 11.0 11.0
11.0 11.0 11.0 11.0 11.0 11.0
11.0 11.0 11.0 11.0 11.0 11.0
11.0 11.0 11.0 11.0 11.0 11.0
11.0 11.0 11.0 11.0 11.0 11.0
11.0 11.0 11.0 11.0 11.0 11.0
11.0 11.0 11.0 11.0 11.0 11.0
11.0 11.0 11.0 11.0 11.0 11.0
11.0 11.0 11.0 11.0 11.0 11.0
11.0 11.0 11.0 11.0 11.0 11.0
11.0 11.0 11.0 11.0 11.0 11.0
11.0 11.0 11.0 11.0 11.0 11.0
11.0 11.0 11.0 11.0 11.0 11.0
11.0 11.0 11.0 11.0 11.0 11.0
11.0 11.0 11.0 11.0 11.0 11.0
11.0 11.0 11.0 11.0 11.0 11.0
11.0 11.0 11.0 11.0 11.0 11.0
11.0 11.0 11.0 11.0 11.0 11.0
11.0 11.0 11.0 11.0 11.0 11.0
11.0 11.0 11.0 11.0 11.0 11.0
11.0 11.0 11.0 11.0 11.0 11.0
11.0 11.0 11.0 11.0 11.0 11.0
11.0 11.0 11.0 11.0 11.0 11.0
11.0 11.0 11.0 11.0 11.0 11.0
11.0 11.0 11.0 11.0 11.0 11.0
11.0 11.0 11.0 11.0 11.0 11.0
11.0 11.0 11.0 11.0 11.0 11.0
11.0 11.0 11.0 11.0 11.0 11.0
11.0 11.0 11.0 11.0 11.0 11.0
11.0 11.0 11.0 11.0 11.0 11.0
11.0 11.0 11.0 11.0 11.0 11.0
11.0 11.0 11.0 11.0 11.0 11.0
11.0 11.0 11.0 11.0 11.0 11.0
11.0 11.0 11.0 11.0 11.0 11.0
11.0 11.0 11.0 11.0 11.0 11.0
11.0 11.0 11.0 11.0 11.0 11.0
11.0 11.0 11.0 11.0 11.0 11.0
11.0 11.0 11.0 11.0 11.0 11.0
11.0 11.0 11.0 11.0 11.0 11.0
11.0 11.0 11.0 11.0 11.0 11.0
11.0 11.0 11.0 11.0 11.0 11.0
11.0 11.0 11.0 11.0 11.0 11.0
11.0 11.0 11.0 11.0 11.0 11.0
11.0 11.0 11.0 11.0 11.0 11.0
11.0 11.0 11.0 11.0 11.0 11.0
11.0 11.0 11.0 11.0 11.0 11.0
11.0 11.0 11.0 11.0 11.0 11.0
11.0 11.0 11.0 11.0 11.0 11.0
11.0 11.0 11.0 11.0 11.0 11.0
11.0 11.0 11.0 11.0 11.0 11.0
11.0 11.0 11.0 11.0 11.0 11.0
11.0 11.0 11.0 11.0 11.0 11.0
11.0 11.0 11.0 11.0 11.0 11.0
11.0 11.0 11.0 11.0 11.0 11.0
11.0 11.0 11.0 11.0 11.0 11.0
11.0 11.0 11.0 11.0 11.0 11.0
11.0 11.0 11.0 11.0 11.0 11.0
11.0 11.0 11.0 11.0 11.0 11.0
11.0 11.0 11.0 11.0 11.0 11.0
11.0 11.0 11.0 11.0 11.0 11.0
11.0 11.0 11.0 11.0 11.0 11.0
11.0 11.0 11.0 11.0 11.0 11.0
11.0 11.0 11.0 11.0 11.0 11.0
11.0 11.0 11.0 11.0 11.0 11.0
11.0 11.0 11.0 11.0 11.0 11.0
11.0 11.0 11.0 11.0 11.0 11.0
11.0 11.0 11.0 11.0 11.0 11.0
11.0 11.0 11.0 11.0 11.0 11.0
11.0 11.0 11.0 11.0 11.0 11.0
11.0 11.0 11.0 11.0 11.0 11.0
11.0 11.0 11.0 11.0 11.0 11.0
11.0 11.0 11.0 11.0 11.0 11.0
11.0 11.0 11.0 11.0 11.0 11.0
11.0 11.0 11.0 11.0 11.0 11.0
11.0 11.0 11.0 11.0 11.0 11.0
11.0 11.0 11.0 11.0 11.0 11.0
11.0 11.0 11.0 11.0 11.0 11.0
11.0 11.0 11.0 11.0 11.0 11.0
11.0 11.0 11.0 11.0 11.0 11.0
11.0 11.0 11.0 11.0 11.0 11.0
11.0 11.0 11.0 11.0 11.0 11.0
11.0 11.0 11.0 11.0 11.0 11.0
11.0 11.0 11.0 11.0 11.0 11.0
11.0 11.0 11.0 11.0 11.0 11.0
11.0 11.0 11.0 11.0 11.0 11.0
11.0 11.0 11.0 11.0 11.0 11.0
11.0 11.0 11.0 11.0 11.0 11.0
11.0 11.0 11.0 11.0 11.0 11.0
11.0 11.0 11.0 11.0 11.0 11.0
11.0 11.0 11.0 11.0 11.0 11.0
11.0 11.0 11.0 11.0 11.0 11.0
11.0 11.0 11.0 11.0 11.0 11.0
11.0 11.0 11.0 11.0 11.0 11.0
11.0 11.0 11.0 11.0 11.0 11.0
11.0 11.0 11.0 11.0 11.0 11.0
11.0 11.0 11.0 11.0 11.0 11.0
11.0 11.0 11.0 11.0 11.0 11.0
11.0 11.0 11.0 11.0 11.0 11.0
11.0 11.0 11.0 11.0 11.0 11.0
11.0 11.0 11.0 11.0 11.0 11.0
11.0 11.0 11.0 11.0 11.0 11.0
11.0 11.0 11.0 11.0 11.0 11.0
11.0 11.0 11.0 11.0 11.0 11.0
11.0 11.0 11.0 11.0 11.0 11.0
11.0 11.0 11.0 11.0 11.0 11.0
11.0 11.0 11.0 11.0 11.0 11.0
11.0 11.0 11.0 11.0 11.0 11.0
11.0 11.0 11.0 11.0 11.0 11.0
11.0 11.0 11.0 11.0 11.0 11.0
11.0 11.0 11.0 11.0 11.0 11.0
11.0 11.0 11.0 11.0 11.0 11.0
11.0 11.0 11.0 11.0 11.0 11.0
11.0 11.0 11.0 11.0 11.0 11.0
11.0 11.0 11.0 11.0 11.0 11.0
11.0 11.0 11.0 11.0 11.0 11.0
11.0 11.0 11.0 11.0 11.0 11.0
11.0 11.0 11.0 11.0 11.0 11.0
11.0 11.0 11.0 11.0 11.0 11.0
11.0 11.0 11.0 11.0 11.0 11.0
11.0 11.0 11.0 11.0 11.0 11.0
11.0 11.0 11.0 11.0 11.0 11.0
11.0 11.0 11.0 11.0 11.0 11.0
11.0 11.0 11.0 11.0 11.0 11.0
11.0 11.0 11.0 11.0 11.0 11.0
11.0 11.0 11.0 11.0 11.0 11.0
11.0 11.0 11.0 11.0 11.0 11.0
11.0 11.0 11.0 11.0 11.0 11.0
11.0 11.0 11.0 11.0 11.0 11.0
11.0 11.0 11.0 11.0 11.0 11.0
11.0 11.0 11.0 11.0 11.0 11.0
11.0 11.0 11.0 11.0 11.0 11.0
11.0 11.0 11.0 11.0 11.0 11.0
11.0 11.0 11.0 11.0 11.0 11.0
11.0 11.0 11.0 11.0 11.0 11.0
11.0 11.0 11.0 11.0 11.0 11.0
11.0 11.0 11.0 11.0 11.0 11.0
11.0 11.0 11.0 11.0 11.0 11.0
11.0 11.0 11.0 11.0 11.0 11.0
11.0 11.0 11.0 11.0 11.0 11.0
11.0 11.0 11.0 11.0 11.0 11.0
11.0 11.0 11.0 11.0 11.0 11.0
11.0 11.0 11.0 11.0 11.0 11.0
11.0 11.0 11.0 11.0 11.0 11.0
11.0 11.0 11.0 11.0 11.0 11.0
11.0 11.0 11.0 11.0 11.0 11.0
11.0 11.0 11.0 11.0 11.0 11.0
11.0 11.0 11.0 11.0 11.0 11.0
11.0 11.0 11.0 11.0 11.0 11.0
11.0 11.0 11.0 11.0 11.0 11.0
11.0 11.0 11.0 11.0 11.0 11.0
11.0 11.0 11.0 11.0 11.0 11.0
11.0 11.0 11.0 11.0 11.0 11.0
11.0 11.0 11.0 11.0 11.0 11.0
11.0 11.0 11.0 11.0 11.0 11.0
11.0 11.0 11.0 11.0 11.0 11.0
11.0 11.0 11.0 11.0 11.0 11.0
11.0 11.0 11.0 11.0 11.0 11.0
11.0 11.0 11.0 11.0 11.0 11.0
11.0 11.0 11.0 11.0 11.0 11.0
11.0 11.0 11.0 11.0 11.0 11.0
11.0 11.0 11.0 11.0 11.0 11.0
11.0 11.0 11.0 11.0 11.0 11.0
11.0 11.0 11.0 11.0 11.0 11.0
11.0 11.0 11.0 11.0 11.0 11.0
11.0 11.0 11.0 11.0 11.0 11.0
11.0 11.0 11.0 11.0 11.0 11.0
11.0 11.0 11.0 11.0 11.0 11.0
11.0 11.0 11.0 11.0 11.0 11.0
11.0 11.0 11.0 11.0 11.0 11.0
11.0 11.0 11.0 11.0 11.0 11.0
11.0 11.0 11.0 11.0 11.0 11.0
11.0 11.0 11.0 11.0 11.0 11.0
11.0 11.0 11.0 11.0 11.0 11.0
11.0 11.0 11.0 11.0 11.0 11.0
11.0 11.0 11.0 11.0 11.0 11.0
11.0 11.0 11.0 11.0 11.0 11.0
11.0 11.0 11.0 11.0 11.0 11.0
11.0 11.0 11.0 11.0 11.0 11.0
11.0 11.0 11.0 11.0 11.0 11.0
11.0 11.0 11.0 11.0 11.0 11.0
11.0 11.0 11.0 11.0 11.0 11.0
11.0 11.0 11.0 11.0 11.0 11.0
11.0 11.0 11.0 11.0 11.0 11.0
11.0 11.0 11.0 11.0 11.0 11.0
11.0 11.0 11.0 11.0 11.0 11.0
11.0 11.0 11.0 11.0 11.0 11.0
11.0 11.0 11.0 11.0 11.0 11.0
11.0 11.0 11.0 11.0 11.0 11.0
11.0 11.0 11.0 11.0 11.0 11.0
11.0 11.0 11.0 11.0 11.0 11.0
11.0 11.0 11.0 11.0 11.0 11.0
11.0 11.0 11.0 11.0 11.0 11.0
11.0 11.0 11.0 11.0 11.0 11.0
11.0 11.0 11.0 11.0 11.0 11.0
11.0 11.0 11.0 11.0 11.0 11.0
11.0 11.0 11.0 11.0 11.0 11.0
11.0 11.0 11.0 11.0 11.0 11.0
11.0 11.0 11.0 11.0 11.0 11.0
11.0 11.0 11.0 11.0 11.0 11.0
11.0 11.0 11.0 11.0 11.0 11.0
11.0 11.0 11.0 11.0 11.0 11.0
11.0 11.0 11.0 11.0 11.0 11.0
11.0 11.0 11.0 11.0 11.0 11.0
11.0 11.0 11.0 11.0 11.0 11.0
11.0 11.0 11.0 11.0 11.0 11.0
11.0 11.0 11.0 11.0 11.0 11.0
11.0 11.0 11.0 11.0 11.0 11.0
11.0 11.0 11.0 11.0 11.0 11.0
11.0 11.0 11.0 11.0 11.0 11.0
11.0 11.0 11.0 11.0 11.0 11.0
11.0 11.0 11.0 11.0 11.0 11.0
11.0 11.0 11.0 11.0 11.0 11.0
11.0 11.0 11.0 11.0 11.0 11.0
11.0 11.0 11.0 11.0 11.0 11.0
11.0 11.0 11.0 11.0 11.0 11.0
11.0 11.0 11.0 11.0 11.0 11.0
11.0 11.0 11.0 11.0 11.0 11.0
11.0 11.0 11.0 11.0 11.0 11.0
11.0 11.0 11.0 11.0 11.0 11.0
11.0 11.0 11.0 11.0 11.0 11.0
11.0 11.0 11.0 11.0 11.0 11.0
11.0 11.0 11.0 11.0 11.0 11.0
11.0 11.0 11.0 11.0 11.0 11.0
11.0 11.0 11.0 11.0 11.0 11.0
11.0 11.0 11.0 11.0 11.0 11.0
11.0 11.0 11.0 11.0 11.0 11.0
11.0 11.0 11.0 11.0 11.0 11.0
11.0 11.0 11.0 11.0 11.0 11.0
11.0 11.0 11.0 11.0 11.0 11.0
11.0 11.0 11.0 11.0 11.0 11.0
11.0 11.0 11.0 11.0 11.0 11.0
11.0 11.0 11.0 11.0 11.0 11.0
11.0 11.0 11.0 11.0 11.0 11.0
11.0 11.0 11.0 11.0 11.0 11.0
11.0 11.0 11.0 11.0 11.0 11.0
11.0 11.0 11.0 11.0 11.0 11.0
11.0 11.0 11.0 11.0 11.0 11.0
11.0 11.0 11.0 11.0 11.0 11.0
11.0 11.0 11.0 11.0 11.0 11.0
11.0 11.0 11.0 11.0 11.0 11.0
11.0 11.0 11.0 11.0 11.0 11.0
11.0 11.0 11.0 11.0 11.0 11.0
11.0 11.0 11.0 11.0 11.0 11.0
11.0 11.0 11.0 11.0 11.0 11.0
11.0 11.0 11.0 11.0 11.0 11.0
11.0 11.0 11.0 11.0 11.0 11.0
11.0 11.0 11.0 11.0 11.0 11.0
11.0 11.0 11.0 11.0 11.0 11.0
11.0 11.0 11.0 11.0 11.0 11.0
11.0 11.0 11.0 11.0 11.0 11.0
11.0 11.0 11.0 11.0 11.0 11.0
11.0 11.0 11.0 11.0 11.0 11.0
11.0 11.0 11.0 11.0 11.0 11.0
11.0 11.0 11.0 11.0 11.0 11.0
11.0 11.0 11.0 11.0 11.0 11.0
11.0 11.0 11.0 11.0 11.0 11.0
11.0 11.0 11.0 11.0 11.0 11.0
11.0 11.0 11.0 11.0 11.0 11.0
11.0 11.0 11.0 11.0 11.0 11.0
11.0 11.0 11.0 11.0 11.0 11.0
11.0 11.0 11.0 11.0 11.0 11.0
11.0 11.0 11.0 11.0 11.0 11.0
11.0 11.0 11.0 11.0 11.0 11.0
11.0 11.0 11.0 11.0 11.0 11.0
11.0 11.0 11.0 11.0 11.0 11.0
11.0 11.0 11.0 11.0 11.0 11.0
11.0 11.0 11.0 11.0 11.0 11.0
11.0 11.0 11.0 11.0 11.0 11.0
11.0 11.0 11.0 11.0 11.0 11.0
11.0 11.0 11.0 11.0 11.0 11.0
11.0 11.0 11.0 11.0 11.0 11.0
0 0 0 0 0 0
0 0 0 0 0 0
0 0 0 0 0 0
0 0 0 0 0 0
0 0 0 0 0 0
0 0 0 0 0 0
0 0 0 0 0 0
0 0 0 0 0 0
0 0 0 0 0 0
0 0 0 0 0 0
0 0 0 0 0 0
0 0 0 0 0 0
0 0 0 0 0 0
0 0 0 0 0 0
0 0 0 0 0 0
mind
16 13 12 35 24 27 34 41 36 49 50 46 14 36 24 39 40 41 24 17 51 60 14 35 37 45 19 37 40 4 15 43 17 21 1 2 49 58 13 52 7 22 48 53 40 14 40 8 30 45 15 8 4 0 0 0 0 0 0 0 0 0 0 0 3 10 37 18 4 12 44 13 53 54 33 47 30
maxd
32 26 24 70 48 54 68 82 72 98 100 92 28 72 48 78 80 82 48 34 102 120 28 70 74 90 38 74 80 8 30 86 34 42 2 4 98 116 26 104 14 44 96 106 80 28 80 16 60 90 30 16 8 0 0 0 0 0 0 0 0 0 0 0 6 20 74 36 8 24 88 26 106 108 66 94 60
e
0  28 252 200 427 309 390 366 39 7 348 14 446 154 54 434 416 187 399 290 431 438 207 359 442 256 54 202 155 273 322 379 426 367 350 430 284 357 295 127 188 242 475 278 259 222 0 454 183 136 47 239 286 58 91 419 349 318 322 230 113 74 142 334 393 374 296 138 286 334 347 31 176 195 448 173 0
l
600  148 372 320 547 429 510 486 159 127 468 134 566 274 174 554 536 307 519 410 551 558 327 479 562 376 174 322 275 393 442 499 546 487 470 550 404 477 415 247 308 362 595 398 379 342 120 574 303 256 167 359 406 178 211 539 469 438 442 350 233 194 262 454 513 494 416 258 406 454 467 151 296 315 568 293 1000
