nbNodes
77
nbVehi
15
nbServi
6
r
1 1 1 1 1 1
0 0 0 0 0 1
0 0 0 0 1 0
0 0 1 0 0 0
0 0 1 0 0 0
1 0 0 0 0 0
0 0 0 0 0 1
0 0 0 0 1 0
0 0 0 0 0 1
0 0 1 0 0 0
0 0 0 1 0 0
0 0 0 0 0 1
0 0 0 1 0 0
0 1 0 0 0 0
1 0 0 0 0 0
0 0 1 0 0 0
0 0 0 0 1 0
1 0 0 0 0 0
0 1 0 0 0 0
0 0 0 0 0 1
0 0 0 1 0 0
1 0 0 0 0 0
0 0 0 0 0 1
1 0 0 0 0 0
0 0 1 0 0 0
0 1 0 0 0 0
0 0 0 0 1 0
0 0 1 0 0 0
0 0 0 1 0 0
0 0 0 1 0 0
0 0 1 0 0 0
0 1 0 0 0 0
0 0 1 0 0 0
0 1 0 0 0 0
0 1 0 0 0 0
0 1 0 0 0 0
0 0 1 0 0 0
0 0 0 0 1 0
0 0 0 1 0 0
0 1 0 0 0 0
0 1 0 0 0 0
1 0 0 0 0 0
0 0 0 0 0 1
1 0 0 0 0 0
0 0 0 1 0 0
0 0 0 1 0 0
0 0 1 0 0 0
0 0 0 0 1 0
0 0 0 0 1 0
0 0 0 0 0 1
0 0 0 1 0 0
0 1 0 0 0 0
0 0 0 0 0 1
0 0 0 0 1 1
0 0 0 1 0 1
0 0 0 0 1 1
0 0 0 1 0 1
0 0 0 1 0 1
0 0 0 1 0 1
0 0 0 1 1 0
0 0 0 1 0 1
0 0 0 1 0 1
0 0 0 1 1 0
0 0 0 1 0 1
0 1 0 0 1 0
0 1 0 0 1 0
1 0 0 0 1 0
1 0 0 1 0 0
1 0 0 0 1 0
0 1 0 1 0 0
1 0 0 1 0 0
0 1 0 0 1 0
0 1 0 1 0 0
1 0 0 0 0 1
0 0 1 0 1 0
0 1 0 1 0 0
1 1 1 1 1 1
DS
76 75 74 73 72 71 70 69 68 67 66 65 64 63 62 61 60 59 58 57 56 55 54
a
1  1  1  0  0  0
0  0  1  0  0  0
0  1  0  0  0  0
1  0  0  0  0  0
0  0  1  0  0  0
0  0  0  1  0  1
0  0  0  1  1  1
0  0  0  1  0  1
0  0  0  1  0  1
0  0  0  1  1  1
0  0  0  1  1  1
0  0  0  1  1  1
0  0  0  1  1  0
0  0  0  1  1  1
0  0  0  1  0  0
x
87 74 6 54 22 31 47 28 78 17 8 8 61 80 15 89 57 7 46 69 84 70 41 52 53 25 12 3 59 47 99 7 98 33 44 49 58 55 69 13 65 84 56 88 91 43 0 0 27 54 75 40 44 23 64 66 63 98 88 43 53 24 38 23 51 76 5 8 16 5 74 73 6 89 64 0 87
y
27 41 12 11 29 5 17 34 32 35 19 49 49 24 6 35 28 21 33 49 46 9 47 3 21 27 43 27 22 20 46 28 8 27 5 35 35 48 11 48 23 38 32 0 16 5 31 37 4 18 21 11 36 0 9 23 19 49 22 2 25 27 25 34 8 33 22 20 45 44 8 28 10 32 3 0 27
d
0.0 19.104973 82.37718 36.67424 65.03076 60.166435 41.231056 59.413803 10.29563 70.45566 79.40403 82.006096 34.058773 7.615773 75.0 8.246211 30.016663 80.224686 41.4367 28.42534 19.235384 24.758837 50.159744 42.43819 34.525352 62.0 76.687675 84.0 28.442924 40.60788 22.472204 80.00625 21.954498 54.0 48.30114 38.832977 30.083218 38.27532 24.083189 76.922035 22.36068 11.401754 31.400637 27.018513 11.7046995 49.193497 87.0919 87.57283 64.25729 34.20526 13.416408 49.648766 43.931767 69.46222 29.206163 21.377558 25.298222 24.596748 5.0990195 50.606323 34.058773 63.0 49.0408 64.381676 40.706264 12.529964 82.1523 79.30952 73.24616 83.74366 23.021729 14.035668 82.764725 5.3851647 33.24154 91.09336 0.0
19.104973 0.0 73.92564 36.05551 53.366657 56.0803 36.124783 46.52956 9.848858 57.31492 69.57011 66.48308 15.264338 18.027756 68.60029 16.155495 21.400934 69.92139 29.12044 9.433981 11.18034 32.24903 33.54102 43.908997 29.0 50.96077 62.03225 72.36712 24.207438 34.20526 25.495098 68.24954 40.804413 43.32436 46.8615 25.70992 17.088007 20.248457 30.413813 61.400326 20.12461 10.440307 20.12461 43.32436 30.232433 47.507893 74.672615 74.10803 59.816387 30.479502 20.024984 45.343136 30.413813 65.43699 33.526108 19.697716 24.596748 25.298222 23.600847 49.819675 26.400757 51.92302 39.39543 51.47815 40.22437 8.246211 71.568146 69.260376 58.137768 69.065186 33.0 13.038404 74.73286 17.492855 39.293766 84.59905 19.104973
82.37718 73.92564 0.0 48.010414 23.345236 25.96151 41.303753 31.112698 74.726166 25.495098 7.28011 37.054016 66.287254 74.96666 10.816654 86.127815 53.450912 9.055386 45.17743 73.061615 85.08819 64.070274 49.497475 46.872166 47.853943 24.207438 31.575306 15.297058 53.935146 41.773197 99.0202 16.03122 92.086914 30.88689 38.63936 48.76474 56.859474 60.80296 63.007935 36.67424 60.016663 82.219215 53.851646 82.8734 85.09406 37.65634 19.924858 25.70992 22.472204 48.373547 69.58448 34.0147 44.94441 20.808653 58.077534 61.0 57.428215 99.16148 82.607506 38.327538 48.76474 23.43075 34.539833 27.802877 45.17743 73.082146 10.049875 8.246211 34.48188 32.01562 68.117546 68.88396 2.0 85.37564 58.694122 13.416408 82.37718
36.67424 36.05551 48.010414 0.0 36.71512 23.769728 9.219544 34.713108 31.890438 44.102154 46.69047 59.665737 38.63936 29.068884 39.319206 42.43819 17.262676 48.052055 23.409399 40.853397 46.09772 16.124516 38.27532 8.246211 10.049875 33.12099 52.801514 53.450912 12.083046 11.401754 57.00877 49.979996 44.102154 26.400757 11.661903 24.5153 24.33105 37.01351 15.0 55.226807 16.27882 40.36087 21.095022 35.735138 37.336308 12.529964 57.58472 59.933296 27.89265 7.0 23.259407 14.0 26.925823 32.89377 10.198039 16.970562 12.0415945 58.137768 35.735138 14.21267 14.035668 34.0 21.260292 38.600517 4.2426405 31.112698 50.219517 46.872166 50.990196 59.07622 20.22375 25.495098 48.010414 40.81666 12.806249 55.108982 36.67424
65.03076 53.366657 23.345236 36.71512 0.0 25.632011 27.730848 7.81025 56.0803 7.81025 17.20465 24.41311 43.829212 58.21512 24.04163 67.26812 35.014282 17.0 24.33105 51.078373 64.288414 52.0 26.172504 39.698868 32.01562 3.6055512 17.20465 19.104973 37.65634 26.57066 78.854294 15.033297 78.84795 11.18034 32.55764 27.658634 36.496574 38.078865 50.32892 21.023796 43.416588 62.649822 34.132095 72.09022 70.21396 31.890438 22.090721 23.409399 25.495098 33.83785 53.600372 25.455845 23.086792 29.017237 46.518814 44.407207 42.201897 78.58753 66.37017 34.20526 31.257 2.828427 16.492422 5.0990195 35.805027 54.147945 18.384777 16.643316 17.088007 22.671568 56.0803 51.009804 24.839485 67.06713 49.396355 36.40055 65.03076
60.166435 56.0803 25.96151 23.769728 25.632011 0.0 20.0 29.15476 54.20332 33.105892 26.925823 49.648766 53.25411 52.554733 16.03122 65.29931 34.713108 28.84441 31.764761 58.137768 67.00746 39.20459 43.174065 21.095022 27.202942 22.803509 42.48529 35.608986 32.75668 21.931713 79.40403 33.24154 67.06713 22.090721 13.0 34.98571 40.36087 49.24429 38.470768 46.615448 38.470768 62.433964 36.796738 57.21888 61.0 12.0 40.459858 44.553337 4.1231055 26.41969 46.818798 10.816654 33.61547 9.433981 33.24154 39.357338 34.928497 80.1561 59.48109 12.369317 29.732138 23.086792 21.189621 30.083218 20.22375 53.0 31.06445 27.45906 42.72002 46.872166 43.104523 47.88528 25.495098 63.97656 33.06055 31.400637 60.166435
41.231056 36.124783 41.303753 9.219544 27.730848 20.0 0.0 25.495098 34.43835 34.98571 39.051247 50.447994 34.928497 33.734257 33.83785 45.694637 14.866069 40.1995 16.03122 38.832977 47.010635 24.351591 30.594116 14.866069 7.2111025 24.166092 43.60046 45.122055 13.0 3.0 59.5399 41.484936 51.78803 17.20465 12.369317 18.110771 21.095022 32.01562 22.803509 46.010868 18.973665 42.544094 17.492855 44.38468 44.011364 12.649111 49.0408 51.078373 23.853722 7.071068 28.284271 9.219544 19.235384 29.410883 18.788294 19.924858 16.124516 60.207973 41.303753 15.524175 10.0 25.079872 12.0415945 29.410883 9.848858 33.12099 42.296574 39.115215 41.773197 49.92995 28.460499 28.231188 41.59327 44.598206 22.022715 49.979996 41.231056
59.413803 46.52956 31.112698 34.713108 7.81025 29.15476 25.495098 0.0 50.039986 11.045361 25.0 25.0 36.249138 52.95281 30.870699 61.008198 29.614185 24.698177 18.027756 43.65776 57.271286 48.8774 18.384777 39.20459 28.178005 7.615773 18.35756 25.96151 33.24154 23.600847 72.00694 21.84033 74.672615 8.602325 33.12099 21.023796 30.016663 30.413813 47.010635 20.518284 38.600517 56.142673 28.071337 68.96376 65.52099 32.649654 28.160255 28.160255 30.016663 30.528675 48.76474 25.942244 16.124516 34.36568 43.829212 39.56008 38.078865 71.5891 61.188232 35.341194 26.57066 8.062258 13.453624 5.0 34.713108 48.010414 25.942244 24.41311 16.27882 25.079872 52.83938 45.39824 32.55764 61.03278 47.507893 44.04543 59.413803
10.29563 9.848858 74.726166 31.890438 56.0803 54.20332 34.43835 50.039986 0.0 61.073727 71.19691 72.03471 24.04163 8.246211 68.154236 11.401754 21.377558 71.84706 32.01562 19.235384 15.231546 24.351591 39.92493 38.948685 27.313 53.235325 66.910385 75.16648 21.470911 33.24154 25.23886 71.11259 31.241 45.276924 43.416588 29.15476 20.22375 28.01785 22.847319 66.94027 15.811388 8.485281 22.0 33.526108 20.615528 44.20407 78.00641 78.160095 58.18075 27.784887 11.401754 43.416588 34.234486 63.631752 26.925823 15.0 19.849434 26.24881 14.142136 46.09772 25.96151 54.230988 40.60788 55.03635 36.124783 2.236068 73.68175 71.021126 63.348244 73.97973 24.33105 6.4031243 75.28612 11.0 32.202484 84.30895 10.29563
70.45566 57.31492 25.495098 44.102154 7.81025 33.105892 34.98571 11.045361 61.073727 0.0 18.35756 16.643316 46.173584 63.953106 29.068884 72.0 40.60788 17.20465 29.068884 53.851646 67.89698 59.03389 26.832815 47.423622 38.626415 11.313708 9.433981 16.124516 43.965897 33.54102 82.73451 12.206555 85.3815 17.888544 40.36087 32.0 41.0 40.16217 57.271286 13.601471 49.47727 67.06713 39.115215 79.15807 76.40026 39.698868 17.464249 17.117243 32.572994 40.718548 59.665737 33.24154 27.018513 35.510563 53.712196 50.447994 48.703182 82.20097 72.18033 42.0119 37.363083 10.630146 23.259407 6.0827627 43.416588 59.03389 17.691807 17.492855 10.049875 15.0 63.07139 56.435802 27.313 72.06247 56.859474 38.910152 70.45566
79.40403 69.57011 7.28011 46.69047 17.20465 26.925823 39.051247 25.0 71.19691 18.35756 0.0 30.0 60.90156 72.1734 14.764823 82.565125 49.819675 2.236068 40.496914 67.977936 80.65358 62.801273 43.27817 46.818798 45.044422 18.788294 24.33105 9.433981 51.088158 39.012817 94.92102 9.055386 90.66973 26.24881 38.626415 44.011364 52.49762 55.226807 61.522354 29.427877 57.14018 78.339005 49.729267 82.2253 83.0542 37.696156 14.422205 19.697716 24.207438 46.010868 67.02985 32.984844 39.812057 24.207438 56.88585 58.137768 55.0 94.86833 80.05623 38.910152 45.39824 17.888544 30.594116 21.213203 44.38468 69.426216 4.2426405 1.0 27.202942 25.179358 66.910385 65.62012 9.219544 82.036575 58.24088 20.615528 79.40403
82.006096 66.48308 37.054016 59.665737 24.41311 49.648766 50.447994 25.0 72.03471 16.643316 30.0 0.0 53.0 76.2168 43.56604 82.20097 53.310413 28.01785 41.231056 61.0 76.05919 73.78347 33.06055 63.655323 53.0 27.802877 7.2111025 22.561028 57.706154 48.60041 91.04944 21.023796 98.89894 33.30165 56.85068 43.32436 51.92302 47.010635 71.867935 5.0990195 62.649822 76.79192 50.92151 93.813644 89.31965 56.22277 19.697716 14.422205 48.8467 55.470715 72.615425 49.67897 38.27532 51.24451 68.8186 63.560993 62.649822 90.0 84.4334 58.60034 51.0 27.202942 38.418747 21.213203 59.413803 69.856995 27.166155 29.0 8.944272 5.8309517 77.698135 68.30813 39.051247 82.764725 72.47068 49.648766 82.006096
34.058773 15.264338 66.287254 38.63936 43.829212 53.25411 34.928497 36.249138 24.04163 46.173584 60.90156 53.0 0.0 31.400637 62.968246 31.304953 21.377558 60.827625 21.931713 8.0 23.194826 41.0 20.09975 46.872166 29.12044 42.190044 49.365982 62.03225 27.073973 32.202484 38.118237 57.939625 55.226807 35.608986 47.169907 18.439089 14.3178215 6.0827627 38.832977 48.010414 26.305893 25.495098 17.720045 55.946404 44.598206 47.539455 63.600315 62.169125 56.400356 31.780497 31.304953 43.416588 21.400934 62.008064 40.112343 26.476404 30.066593 37.0 38.183765 50.32892 25.298222 43.046486 33.24154 40.853397 42.201897 21.931713 62.169125 60.41523 45.17743 56.22277 43.011627 24.186773 67.424034 32.75668 46.09772 78.24321 34.058773
7.615773 18.027756 74.96666 29.068884 58.21512 52.554733 33.734257 52.95281 8.246211 63.953106 72.1734 76.2168 31.400637 0.0 67.44627 14.21267 23.345236 73.061615 35.17101 27.313 22.36068 18.027756 45.276924 35.0 27.166155 55.081757 70.60453 77.05842 21.095022 33.24154 29.068884 73.109505 24.083189 47.095646 40.706264 32.89377 24.596748 34.655445 17.029387 71.168816 15.033297 14.56022 25.298222 25.298222 13.601471 41.59327 80.305664 81.04937 56.648037 26.683329 5.8309517 42.059483 37.94733 61.846584 21.931713 14.035668 17.720045 30.805843 8.246211 43.046486 27.018513 56.0803 42.0119 57.870544 33.12099 9.848858 75.026665 72.11102 67.357254 77.62087 17.088007 8.062258 75.31268 12.0415945 26.400757 83.52245 7.615773
75.0 68.60029 10.816654 39.319206 24.04163 16.03122 33.83785 30.870699 68.154236 29.068884 14.764823 43.56604 62.968246 67.44627 0.0 79.47956 47.41308 17.0 41.109608 69.02898 79.755875 55.081757 48.548943 37.12142 40.853397 23.259407 37.12142 24.186773 46.818798 34.928497 93.03763 23.409399 83.02409 27.658634 29.017237 44.687805 51.86521 58.0 54.230988 42.047592 52.810986 76.05919 48.548943 73.24616 76.655075 28.01785 29.15476 34.43835 12.165525 40.804413 61.846584 25.495098 41.725292 10.0 49.09175 53.75872 49.729267 93.47727 74.73286 28.284271 42.48529 22.847319 29.832869 29.12044 36.05551 66.70832 18.867962 15.652476 39.012817 39.293766 59.03389 62.03225 9.848858 78.434685 49.09175 16.155495 75.0
8.246211 16.155495 86.127815 42.43819 67.26812 65.29931 45.694637 61.008198 11.401754 72.0 82.565125 82.20097 31.304953 14.21267 79.47956 0.0 32.75668 83.18654 43.046486 24.41311 12.083046 32.202484 49.47727 48.9183 38.626415 64.49806 77.41447 86.37129 32.695564 44.598206 14.866069 82.29824 28.460499 56.568542 54.08327 40.0 31.0 36.40055 31.241 77.10383 26.832815 5.8309517 33.13608 35.014282 19.104973 54.91812 89.08984 89.02247 69.31811 38.910152 19.79899 54.56189 45.01111 74.70609 36.069378 25.942244 30.528675 16.643316 13.038404 56.61272 37.363083 65.490456 51.971146 66.007576 46.615448 13.152946 85.0 82.37718 73.68175 84.48077 30.88689 17.464249 86.683334 3.0 40.60788 95.63472 8.246211
30.016663 21.400934 53.450912 17.262676 35.014282 34.713108 14.866069 29.614185 21.377558 40.60788 49.819675 53.310413 21.377558 23.345236 47.41308 32.75668 0.0 50.48762 12.083046 24.186773 32.449963 23.021729 24.839485 25.495098 8.062258 32.01562 47.434166 54.00926 6.3245554 12.806249 45.694637 50.0 45.617977 24.020824 26.41969 10.630146 7.071068 20.09975 20.808653 48.332184 9.433981 28.79236 4.1231055 41.773197 36.05551 26.925823 57.07889 57.706154 38.418747 10.440307 19.313208 24.04163 15.264338 44.04543 20.248457 10.29563 10.816654 46.06517 31.575306 29.529646 5.0 33.01515 19.235384 34.525352 20.880613 19.646883 52.34501 49.648766 44.38468 54.405884 26.24881 16.0 54.08327 32.24903 25.96151 63.505905 30.016663
80.224686 69.92139 9.055386 48.052055 17.0 28.84441 40.1995 24.698177 71.84706 17.20465 2.236068 28.01785 60.827625 73.061615 17.0 83.18654 50.48762 0.0 40.804413 68.0294 80.95678 64.132675 42.80187 48.466484 46.0 18.973665 22.561028 7.2111025 52.009613 40.012497 95.33625 7.0 91.92388 26.683329 40.311287 44.27189 52.886673 55.072678 62.801273 27.658634 58.034473 78.854294 50.219517 83.677956 84.14868 39.39543 12.206555 17.464249 26.24881 47.095646 68.0 34.48188 39.92493 26.400757 58.249462 59.03389 56.0357 95.2103 81.00617 40.706264 46.173584 18.027756 31.257 20.615528 45.88028 70.035706 2.236068 1.4142135 25.632011 23.086792 68.24954 66.37017 11.045361 82.73451 59.77458 22.135944 80.224686
41.4367 29.12044 45.17743 23.409399 24.33105 31.764761 16.03122 18.027756 32.01562 29.068884 40.496914 41.231056 21.931713 35.17101 41.109608 43.046486 12.083046 40.804413 0.0 28.01785 40.16217 33.941124 14.866069 30.594116 13.892444 21.84033 35.44009 43.416588 17.029387 13.038404 54.571056 39.319206 57.697487 14.3178215 28.071337 3.6055512 12.165525 17.492855 31.827662 36.249138 21.470911 38.327538 10.049875 53.413483 48.104053 28.160255 46.043457 46.173584 34.669872 17.0 31.38471 22.803509 3.6055512 40.22437 30.0 22.36068 22.022715 54.405884 43.416588 31.144823 10.630146 22.803509 11.313708 23.021729 25.495098 30.0 42.44997 40.16217 32.31099 42.44997 37.536648 27.45906 46.141087 43.011627 34.98571 56.61272 41.4367
28.42534 9.433981 73.061615 40.853397 51.078373 58.137768 38.832977 43.65776 19.235384 53.851646 67.977936 61.0 8.0 27.313 69.02898 24.41311 24.186773 68.0294 28.01785 0.0 15.297058 40.012497 28.071337 49.0408 32.24903 49.193497 57.31492 69.57011 28.79236 36.40055 30.149628 65.459915 50.219517 42.190044 50.606323 24.41311 17.804493 14.035668 38.0 56.008926 26.305893 18.601076 21.400934 52.554733 39.661064 51.10773 71.30919 70.035706 61.554855 34.43835 28.635643 47.801674 28.178005 67.20863 40.311287 26.172504 30.594116 29.0 33.01515 53.712196 28.84441 50.08992 39.20459 48.38388 44.777225 17.464249 69.46222 67.54258 53.15073 64.195015 41.303753 21.377558 74.094536 26.24881 46.270943 84.6286 28.42534
19.235384 11.18034 85.08819 46.09772 64.288414 67.00746 47.010635 57.271286 15.231546 67.89698 80.65358 76.05919 23.194826 22.36068 79.755875 12.083046 32.449963 80.95678 40.16217 15.297058 0.0 39.56008 43.011627 53.600372 39.824615 61.983868 72.06247 83.198555 34.655445 45.221676 15.0 79.07591 40.496914 54.42426 57.280014 36.687874 28.231188 29.068884 38.078865 71.02816 29.832869 8.0 31.304953 46.173584 30.805843 57.982758 85.32877 84.48077 70.80254 41.036568 26.57066 56.22277 41.231056 76.40026 42.059483 29.206163 34.20526 14.3178215 24.33105 60.1415 37.44329 62.936478 50.566788 62.169125 50.32892 15.264338 82.565125 80.32434 68.007355 79.025314 39.293766 21.095022 85.90693 14.866069 47.423622 95.77056 19.235384
24.758837 32.24903 64.070274 16.124516 52.0 39.20459 24.351591 48.8774 24.351591 59.03389 62.801273 73.78347 41.0 18.027756 55.081757 32.202484 23.021729 64.132675 33.941124 40.012497 39.56008 0.0 47.801674 18.973665 20.808653 48.466484 67.23094 69.375786 17.029387 25.495098 47.010635 65.802734 28.01785 41.14608 26.305893 33.42155 28.635643 41.785164 2.236068 69.065186 14.866069 32.202484 26.925823 20.12461 22.135944 27.294687 73.37575 75.39231 43.289722 18.35756 13.0 30.066593 37.48333 47.853943 6.0 14.56022 12.206555 48.82622 22.203604 27.89265 23.345236 49.396355 35.77709 53.235325 19.026299 24.738634 66.287254 62.968246 64.899925 73.82411 4.1231055 19.235384 64.00781 29.832869 8.485281 70.5762 24.758837
50.159744 33.54102 49.497475 38.27532 26.172504 43.174065 30.594116 18.384777 39.92493 26.832815 43.27817 33.06055 20.09975 45.276924 48.548943 49.47727 24.839485 42.80187 14.866069 28.071337 43.011627 47.801674 0.0 45.35416 28.635643 25.612497 29.274563 42.941822 30.805843 27.658634 58.00862 38.948685 69.065186 21.540659 42.107006 14.422205 20.808653 14.035668 45.607018 28.01785 33.941124 43.931767 21.213203 66.46804 58.830265 42.047592 44.011364 42.201897 45.221676 31.780497 42.80187 36.013885 11.401754 50.32892 44.418465 34.655445 35.608986 57.035076 53.235325 45.044422 25.059929 26.24881 22.203604 22.203604 40.261642 37.696156 43.829212 42.638012 25.079872 36.124783 51.088158 37.215588 50.931328 50.289165 49.648766 62.369865 50.159744
42.43819 43.908997 46.872166 8.246211 39.698868 21.095022 14.866069 39.20459 38.948685 47.423622 46.818798 63.655323 46.872166 35.0 37.12142 48.9183 25.495098 48.466484 30.594116 49.0408 53.600372 18.973665 45.35416 0.0 18.027756 36.124783 56.568542 54.56189 20.248457 17.720045 63.702435 51.47815 46.270943 30.610456 8.246211 32.140316 32.55764 45.099888 18.788294 59.548298 23.853722 47.423622 29.274563 36.124783 41.109608 9.219544 59.05929 62.1289 25.019993 15.132746 29.206163 14.422205 33.955853 29.15476 13.416408 24.41311 19.416489 65.053825 40.706264 9.055386 22.022715 36.878178 26.076809 42.44997 5.0990195 38.418747 50.695168 47.169907 55.31727 62.369865 22.561028 32.649654 46.52956 47.010635 12.0 52.086468 42.43819
34.525352 29.0 47.853943 10.049875 32.01562 27.202942 7.2111025 28.178005 27.313 38.626415 45.044422 53.0 29.12044 27.166155 40.853397 38.626415 8.062258 46.0 13.892444 32.24903 39.824615 20.808653 28.635643 18.027756 0.0 28.635643 46.52956 50.358715 6.0827627 6.0827627 52.35456 46.52956 46.840153 20.880613 18.35756 14.56022 14.866069 27.073973 18.867962 48.259712 12.165525 35.35534 11.401754 40.81666 38.327538 18.867962 53.935146 55.362442 31.06445 3.1622777 22.0 16.40122 17.492855 36.619667 16.27882 13.152946 10.198039 53.0 35.014282 21.470911 4.0 29.614185 15.524175 32.695564 13.152946 25.942244 48.010414 45.01111 44.102154 53.225933 24.698177 21.189621 48.270073 37.64306 21.095022 57.00877 34.525352
62.0 50.96077 24.207438 33.12099 3.6055512 22.803509 24.166092 7.615773 53.235325 11.313708 18.788294 27.802877 42.190044 55.081757 23.259407 64.49806 32.01562 18.973665 21.84033 49.193497 61.983868 48.466484 25.612497 36.124783 28.635643 0.0 20.615528 22.0 34.36568 23.086792 76.40026 18.027756 75.43209 8.0 29.068884 25.298222 33.955853 36.619667 46.818798 24.186773 40.1995 60.016663 31.400637 68.54196 66.910385 28.42534 25.317978 26.925823 23.086792 30.364452 50.358715 21.931713 21.023796 27.073973 42.953465 41.19466 38.832977 76.243034 63.1981 30.805843 28.071337 1.0 13.152946 7.28011 32.202484 51.351727 20.615528 18.384777 20.12461 26.24881 52.554733 48.010414 25.495098 64.195015 45.79301 36.796738 62.0
76.687675 62.03225 31.575306 52.801514 17.20465 42.48529 43.60046 18.35756 66.910385 9.433981 24.33105 7.2111025 49.365982 70.60453 37.12142 77.41447 47.434166 22.561028 35.44009 57.31492 72.06247 67.23094 29.274563 56.568542 46.52956 20.615528 0.0 18.35756 51.47815 41.880783 87.05171 15.811388 92.84934 26.400757 49.67897 37.85499 46.69047 43.289722 65.36819 5.0990195 56.648037 72.1734 45.35416 87.32124 83.48653 49.0408 16.970562 13.416408 41.785164 48.8774 66.730804 42.520584 32.75668 44.38468 62.1289 57.58472 56.364883 86.209045 78.84795 51.40039 44.777225 20.0 31.622776 14.21267 52.40229 64.77654 22.135944 23.345236 4.472136 7.071068 71.19691 62.817196 33.54102 77.781746 65.60488 44.64303 76.687675
84.0 72.36712 15.297058 53.450912 19.104973 35.608986 45.122055 25.96151 75.16648 16.124516 9.433981 22.561028 62.03225 77.05842 24.186773 86.37129 54.00926 7.2111025 43.416588 69.57011 83.198555 69.375786 42.941822 54.56189 50.358715 22.0 18.35756 0.0 56.22277 44.553337 97.862144 4.1231055 96.88137 30.0 46.52956 46.69047 55.578773 56.0803 67.911705 23.259407 62.1289 81.7435 53.235325 89.1852 88.68484 45.65085 5.0 10.440307 33.24154 51.78803 72.249565 40.311287 41.976185 33.600594 63.600315 63.126858 60.530983 97.5141 85.146935 47.169907 50.039986 21.0 35.057095 21.189621 51.62364 73.24616 5.3851647 8.602325 22.203604 17.117243 73.4983 70.00714 17.262676 86.145226 65.551506 27.166155 84.0
28.442924 24.207438 53.935146 12.083046 37.65634 32.75668 13.0 33.24154 21.470911 43.965897 51.088158 57.706154 27.073973 21.095022 46.818798 32.695564 6.3245554 52.009613 17.029387 28.79236 34.655445 17.029387 30.805843 20.248457 6.0827627 34.36568 51.47815 56.22277 0.0 12.165525 46.647614 52.34501 41.4367 26.476404 22.671568 16.40122 13.038404 26.305893 14.866069 52.83938 6.0827627 29.681644 10.440307 36.40055 32.55764 23.345236 59.682495 60.876926 36.71512 6.4031243 16.03122 21.954498 20.518284 42.190044 13.928389 7.071068 5.0 47.434166 29.0 25.612497 6.708204 35.35534 21.213203 37.94733 16.124516 20.248457 54.0 51.0392 48.76474 58.30952 20.518284 15.231546 54.34151 31.622776 19.646883 62.968246 28.442924
40.60788 34.20526 41.773197 11.401754 26.57066 21.931713 3.0 23.600847 33.24154 33.54102 39.012817 48.60041 32.202484 33.24154 34.928497 44.598206 12.806249 40.012497 13.038404 36.40055 45.221676 25.495098 27.658634 17.720045 6.0827627 23.086792 41.880783 44.553337 12.165525 0.0 58.137768 40.792156 52.392746 15.652476 15.297058 15.132746 18.601076 29.12044 23.769728 44.04543 18.248287 41.14608 15.0 45.617977 44.181442 15.524175 48.270073 49.979996 25.612497 7.28011 28.01785 11.401754 16.27882 31.241 20.248457 19.235384 16.03122 58.66856 41.04875 18.439089 7.81025 24.04163 10.29563 27.784887 12.649111 31.780497 42.047592 39.0 39.824615 48.373547 29.546574 27.202942 42.201897 43.68066 24.04163 51.078373 40.60788
22.472204 25.495098 99.0202 57.00877 78.854294 79.40403 59.5399 72.00694 25.23886 82.73451 94.92102 91.04944 38.118237 29.068884 93.03763 14.866069 45.694637 95.33625 54.571056 30.149628 15.0 47.010635 58.00862 63.702435 52.35456 76.40026 87.05171 97.862144 46.647614 58.137768 0.0 93.74433 38.013157 68.68042 68.60029 51.1957 42.44997 44.04543 46.09772 86.023254 41.04875 17.0 45.221676 47.296936 31.04835 69.40461 100.12991 99.40825 83.35467 53.0 34.655445 68.60029 55.9017 88.83693 50.931328 40.22437 45.0 3.1622777 26.400757 71.21797 50.566788 77.36925 64.513565 76.941536 61.220913 26.41969 97.015465 94.641426 83.00603 94.02127 45.486263 31.622776 99.724625 17.20465 55.443665 109.165016 22.472204
80.00625 68.24954 16.03122 49.979996 15.033297 33.24154 41.484936 21.84033 71.11259 12.206555 9.055386 21.023796 57.939625 73.109505 23.409399 82.29824 50.0 7.0 39.319206 65.459915 79.07591 65.802734 38.948685 51.47815 46.52956 18.027756 15.811388 4.1231055 52.34501 40.792156 93.74433 0.0 93.17188 26.019224 43.56604 42.579338 51.47815 52.0 64.288414 20.880613 58.21512 77.64664 49.162994 85.70297 84.85281 42.72002 7.615773 11.401754 31.241 48.052055 68.359344 37.12142 37.85499 32.24903 60.083275 59.211487 56.718605 93.39165 81.22192 44.407207 46.09772 17.029387 31.144823 17.088007 48.332184 69.18092 6.3245554 8.062258 19.235384 16.124516 69.92139 66.0 18.027756 82.0975 62.241467 28.86174 80.00625
21.954498 40.804413 92.086914 44.102154 78.84795 67.06713 51.78803 74.672615 31.241 85.3815 90.66973 98.89894 55.226807 24.083189 83.02409 28.460499 45.617977 91.92388 57.697487 50.219517 40.496914 28.01785 69.065186 46.270943 46.840153 75.43209 92.84934 96.88137 41.4367 52.392746 38.013157 93.17188 0.0 67.72001 54.08327 55.946404 48.259712 58.728188 29.15476 93.941475 36.249138 33.105892 48.373547 12.806249 10.630146 55.081757 100.6628 102.20078 71.11259 45.122055 26.41969 58.077534 60.827625 75.42546 34.0147 35.341194 36.687874 41.0 17.20465 55.326305 48.104053 76.40026 62.361847 79.37884 47.0 33.30165 94.04786 90.79648 89.961105 99.724625 24.0 32.01562 92.021736 25.632011 34.36568 98.32599 21.954498
54.0 43.32436 30.88689 26.400757 11.18034 22.090721 17.20465 8.602325 45.276924 17.888544 26.24881 33.30165 35.608986 47.095646 27.658634 56.568542 24.020824 26.683329 14.3178215 42.190044 54.42426 41.14608 21.540659 30.610456 20.880613 8.0 26.400757 30.0 26.476404 15.652476 68.68042 26.019224 67.72001 0.0 24.596748 17.888544 26.24881 30.413813 39.39543 29.0 32.24903 52.17279 23.537205 61.269894 59.03389 24.166092 33.24154 34.48188 23.769728 22.847319 42.426407 17.464249 14.21267 28.79236 35.846897 33.24154 31.04835 68.622154 55.226807 26.925823 20.09975 9.0 5.3851647 12.206555 26.172504 43.416588 28.442924 25.96151 24.758837 32.75668 45.188496 40.012497 31.906113 56.22277 39.20459 42.638012 54.0
48.30114 46.8615 38.63936 11.661903 32.55764 13.0 12.369317 33.12099 43.416588 40.36087 38.626415 56.85068 47.169907 40.706264 29.017237 54.08327 26.41969 40.311287 28.071337 50.606323 57.280014 26.305893 42.107006 8.246211 18.35756 29.068884 49.67897 46.52956 22.671568 15.297058 68.60029 43.56604 54.08327 24.596748 0.0 30.413813 33.105892 44.38468 25.70992 53.009434 27.658634 51.855568 29.546574 44.28318 48.270073 1.0 51.10773 54.405884 17.029387 16.40122 34.88553 7.2111025 31.0 21.587032 20.396078 28.42534 23.600847 69.656296 47.169907 3.1622777 21.931713 29.732138 20.880613 35.805027 7.615773 42.520584 42.544094 39.0 48.82622 55.154327 30.149628 37.01351 38.327538 52.478565 20.09975 44.28318 48.30114
38.832977 25.70992 48.76474 24.5153 27.658634 34.98571 18.110771 21.023796 29.15476 32.0 44.011364 43.32436 18.439089 32.89377 44.687805 40.0 10.630146 44.27189 3.6055512 24.41311 36.687874 33.42155 14.422205 32.140316 14.56022 25.298222 37.85499 46.69047 16.40122 15.132746 51.1957 42.579338 55.946404 17.888544 30.413813 0.0 9.0 14.3178215 31.241 38.27532 20.0 35.128338 7.615773 52.40229 46.09772 30.594116 49.162994 49.0408 38.013157 17.720045 29.529646 25.632011 5.0990195 43.60046 30.016663 20.808653 21.260292 50.96077 41.109608 33.54102 10.770329 26.24881 14.866069 26.019224 27.073973 27.073973 45.88028 43.65776 34.48188 44.911022 36.796738 25.0 49.73932 40.112343 35.341194 60.216278 38.832977
30.083218 17.088007 56.859474 24.33105 36.496574 40.36087 21.095022 30.016663 20.22375 41.0 52.49762 51.92302 14.3178215 24.596748 51.86521 31.0 7.071068 52.886673 12.165525 17.804493 28.231188 28.635643 20.808653 32.55764 14.866069 33.955853 46.69047 55.578773 13.038404 18.601076 42.44997 51.47815 48.259712 26.24881 33.105892 9.0 0.0 13.341664 26.400757 46.840153 13.892444 26.172504 3.6055512 46.09772 38.078865 33.54102 58.137768 58.034473 43.840622 17.464249 22.022715 30.0 14.035668 49.497475 26.683329 14.422205 16.763054 42.379242 32.695564 36.249138 11.18034 34.928497 22.36068 35.014282 27.89265 18.110771 54.571056 52.201534 43.174065 53.75872 31.38471 16.552946 57.697487 31.144823 32.55764 67.74216 30.083218
38.27532 20.248457 60.80296 37.01351 38.078865 49.24429 32.01562 30.413813 28.01785 40.16217 55.226807 47.010635 6.0827627 34.655445 58.0 36.40055 20.09975 55.072678 17.492855 14.035668 29.068884 41.785164 14.035668 45.099888 27.073973 36.619667 43.289722 56.0803 26.305893 29.12044 44.04543 52.0 58.728188 30.413813 44.38468 14.3178215 13.341664 0.0 39.56008 42.0 26.925823 30.675724 16.03122 58.249462 48.166378 44.64303 57.567352 56.089214 52.153618 30.016663 33.600594 39.92493 16.27882 57.68882 40.024994 27.313 30.083218 43.011627 42.0119 47.539455 23.086792 37.44329 28.600698 34.928497 40.1995 25.806976 56.35601 54.708317 39.115215 50.159744 44.28318 26.907248 62.008064 37.576588 45.891174 73.0 38.27532
24.083189 30.413813 63.007935 15.0 50.32892 38.470768 22.803509 47.010635 22.847319 57.271286 61.522354 71.867935 38.832977 17.029387 54.230988 31.241 20.808653 62.801273 31.827662 38.0 38.078865 2.236068 45.607018 18.788294 18.867962 46.818798 65.36819 67.911705 14.866069 23.769728 46.09772 64.288414 29.15476 39.39543 25.70992 31.241 26.400757 39.56008 0.0 67.11929 12.649111 30.88689 24.698177 21.954498 22.561028 26.683329 71.8401 73.736015 42.579338 16.552946 11.661903 29.0 35.35534 47.296936 5.3851647 12.369317 10.0 47.801674 21.954498 27.513634 21.260292 47.759815 34.0147 51.42956 18.248287 23.086792 64.93843 61.66036 62.968246 72.00694 5.8309517 17.464249 63.007935 29.0 9.433981 69.87131 24.083189
76.922035 61.400326 36.67424 55.226807 21.023796 46.615448 46.010868 20.518284 66.94027 13.601471 29.427877 5.0990195 48.010414 71.168816 42.047592 77.10383 48.332184 27.658634 36.249138 56.008926 71.02816 69.065186 28.01785 59.548298 48.259712 24.186773 5.0990195 23.259407 52.83938 44.04543 86.023254 20.880613 93.941475 29.0 53.009434 38.27532 46.840153 42.0 67.11929 0.0 57.697487 71.70077 45.88028 89.04493 84.30895 52.43091 21.400934 17.029387 46.173584 50.803543 67.62396 45.80393 33.24154 49.0306 64.202805 58.60034 57.801384 85.00588 79.37884 54.91812 46.141087 23.70654 33.970577 17.20465 55.17246 64.7611 27.202942 28.442924 4.2426405 8.944272 72.94518 63.245552 38.63936 77.665955 68.0147 49.729267 76.922035
22.36068 20.12461 60.016663 16.27882 43.416588 38.470768 18.973665 38.600517 15.811388 49.47727 57.14018 62.649822 26.305893 15.033297 52.810986 26.832815 9.433981 58.034473 21.470911 26.305893 29.832869 14.866069 33.941124 23.853722 12.165525 40.1995 56.648037 62.1289 6.0827627 18.248287 41.04875 58.21512 36.249138 32.24903 27.658634 20.0 13.892444 26.925823 12.649111 57.697487 0.0 24.207438 12.727922 32.526913 26.925823 28.42534 65.490456 66.4906 42.48529 12.083046 10.198039 27.730848 24.698177 47.88528 14.035668 1.0 4.472136 42.0119 23.021729 30.413813 12.165525 41.19466 27.073973 43.416588 20.518284 14.866069 60.00833 57.07889 53.712196 63.56886 17.492855 9.433981 60.41523 25.632011 20.024984 68.94926 22.36068
11.401754 10.440307 82.219215 40.36087 62.649822 62.433964 42.544094 56.142673 8.485281 67.06713 78.339005 76.79192 25.495098 14.56022 76.05919 5.8309517 28.79236 78.854294 38.327538 18.601076 8.0 32.202484 43.931767 47.423622 35.35534 60.016663 72.1734 81.7435 29.681644 41.14608 17.0 77.64664 33.105892 52.17279 51.855568 35.128338 26.172504 30.675724 30.88689 71.70077 24.207438 0.0 28.635643 38.209946 23.086792 52.63079 84.29116 84.00595 66.37017 36.05551 19.235384 51.62364 40.04997 71.867935 35.22783 23.43075 28.319605 17.804493 16.492422 54.56189 33.61547 61.0 47.801674 61.13101 44.598206 9.433981 80.60397 78.10249 68.359344 79.22752 31.622776 14.866069 82.8734 7.81025 40.311287 92.19544 11.401754
31.400637 20.12461 53.851646 21.095022 34.132095 36.796738 17.492855 28.071337 22.0 39.115215 49.729267 50.92151 17.720045 25.298222 48.548943 33.13608 4.1231055 50.219517 10.049875 21.400934 31.304953 26.925823 21.213203 29.274563 11.401754 31.400637 45.35416 53.235325 10.440307 15.0 45.221676 49.162994 48.373547 23.537205 29.546574 7.615773 3.6055512 16.03122 24.698177 45.88028 12.727922 28.635643 0.0 45.254833 38.483765 29.966648 56.008926 56.22277 40.311287 14.142136 21.954498 26.400757 12.649111 45.96738 24.351591 13.453624 14.764823 45.310043 33.526108 32.695564 7.615773 32.38827 19.313208 33.06055 24.5153 20.024984 51.971146 49.47727 42.059483 52.392746 30.0 17.464249 54.626 33.0 30.083218 64.49806 31.400637
27.018513 43.32436 82.8734 35.735138 72.09022 57.21888 44.38468 68.96376 33.526108 79.15807 82.2253 93.813644 55.946404 25.298222 73.24616 35.014282 41.773197 83.677956 53.413483 52.554733 46.173584 20.12461 66.46804 36.124783 40.81666 68.54196 87.32124 89.1852 36.40055 45.617977 47.296936 85.70297 12.806249 61.269894 44.28318 52.40229 46.09772 58.249462 21.954498 89.04493 32.526913 38.209946 45.254833 0.0 16.27882 45.276924 93.30059 95.462036 61.13101 38.470768 24.698177 49.24429 56.85068 65.0 25.632011 31.827662 31.400637 50.01 22.0 45.044422 43.011627 69.46222 55.9017 73.3553 37.85499 35.1141 85.86617 82.46211 84.90583 93.941475 16.124516 31.764761 82.607506 32.01562 24.186773 88.0 27.018513
11.7046995 30.232433 85.09406 37.336308 70.21396 61.0 44.011364 65.52099 20.615528 76.40026 83.0542 89.31965 44.598206 13.601471 76.655075 19.104973 36.05551 84.14868 48.104053 39.661064 30.805843 22.135944 58.830265 41.109608 38.327538 66.910385 83.48653 88.68484 32.55764 44.181442 31.04835 84.85281 10.630146 59.03389 48.270073 46.09772 38.078865 48.166378 22.561028 84.30895 26.925823 23.086792 38.483765 16.27882 0.0 49.24429 92.22798 93.39165 65.11528 37.054016 16.763054 51.24451 51.078373 69.856995 27.89265 25.96151 28.160255 33.734257 6.708204 50.0 39.051247 67.89698 53.75872 70.34202 40.792156 22.671568 86.209045 83.09633 80.411446 90.44335 18.788294 21.633308 85.2115 16.124516 29.966648 92.39589 11.7046995
49.193497 47.507893 37.65634 12.529964 31.890438 12.0 12.649111 32.649654 44.20407 39.698868 37.696156 56.22277 47.539455 41.59327 28.01785 54.91812 26.925823 39.39543 28.160255 51.10773 57.982758 27.294687 42.047592 9.219544 18.867962 28.42534 49.0408 45.65085 23.345236 15.524175 69.40461 42.72002 55.081757 24.166092 1.0 30.594116 33.54102 44.64303 26.683329 52.43091 28.42534 52.63079 29.966648 45.276924 49.24429 0.0 50.24938 53.600372 16.03122 17.029387 35.77709 6.708204 31.016125 20.615528 21.377558 29.206163 24.41311 70.434364 48.104053 3.0 22.36068 29.068884 20.615528 35.22783 8.5440035 43.27817 41.62932 38.078865 48.259712 54.451813 31.144823 37.802116 37.336308 53.338543 21.095022 43.289722 49.193497
87.0919 74.672615 19.924858 57.58472 22.090721 40.459858 49.0408 28.160255 78.00641 17.464249 14.422205 19.697716 63.600315 80.305664 29.15476 89.08984 57.07889 12.206555 46.043457 71.30919 85.32877 73.37575 44.011364 59.05929 53.935146 25.317978 16.970562 5.0 59.682495 48.270073 100.12991 7.615773 100.6628 33.24154 51.10773 49.162994 58.137768 57.567352 71.8401 21.400934 65.490456 84.29116 56.008926 93.30059 92.22798 50.24938 0.0 6.0 38.183765 55.542778 75.66373 44.72136 44.28318 38.600517 67.6757 66.48308 64.132675 99.63935 88.45903 51.86521 53.338543 24.33105 38.470768 23.194826 55.946404 76.02631 10.29563 13.601471 21.260292 13.928389 77.491936 73.061615 21.84033 89.005615 69.856995 31.0 87.0919
87.57283 74.10803 25.70992 59.933296 23.409399 44.553337 51.078373 28.160255 78.160095 17.117243 19.697716 14.422205 62.169125 81.04937 34.43835 89.02247 57.706154 17.464249 46.173584 70.035706 84.48077 75.39231 42.201897 62.1289 55.362442 26.925823 13.416408 10.440307 60.876926 49.979996 99.40825 11.401754 102.20078 34.48188 54.405884 49.0408 58.034473 56.089214 73.736015 17.029387 66.4906 84.00595 56.22277 95.462036 93.39165 53.600372 6.0 0.0 42.638012 57.245087 76.687675 47.707443 44.011364 43.56604 69.856995 67.46851 65.52099 98.731964 89.26926 55.443665 54.34151 26.0 39.849716 23.194826 58.66856 76.105194 15.811388 18.788294 17.888544 8.602325 79.47956 73.552704 27.658634 89.140335 72.47068 37.0 87.57283
64.25729 59.816387 22.472204 27.89265 25.495098 4.1231055 23.853722 30.016663 58.18075 32.572994 24.207438 48.8467 56.400356 56.648037 12.165525 69.31811 38.418747 26.24881 34.669872 61.554855 70.80254 43.289722 45.221676 25.019993 31.06445 23.086792 41.785164 33.24154 36.71512 25.612497 83.35467 31.241 71.11259 23.769728 17.029387 38.013157 43.840622 52.153618 42.579338 46.173584 42.48529 66.37017 40.311287 61.13101 65.11528 16.03122 38.183765 42.638012 0.0 30.413813 50.92151 14.764823 36.23534 5.656854 37.336308 43.382023 39.0 84.0595 63.600315 16.124516 33.42155 23.194826 23.70654 30.265491 24.33105 56.938564 28.42534 24.839485 42.44997 45.65085 47.169907 51.884487 21.84033 68.0294 37.01351 27.294687 64.25729
34.20526 30.479502 48.373547 7.0 33.83785 26.41969 7.071068 30.528675 27.784887 40.718548 46.010868 55.470715 31.780497 26.683329 40.804413 38.910152 10.440307 47.095646 17.0 34.43835 41.036568 18.35756 31.780497 15.132746 3.1622777 30.364452 48.8774 51.78803 6.4031243 7.28011 53.0 48.052055 45.122055 22.847319 16.40122 17.720045 17.464249 30.016663 16.552946 50.803543 12.083046 36.05551 14.142136 38.470768 37.054016 17.029387 55.542778 57.245087 30.413813 0.0 21.213203 15.652476 20.59126 35.846897 13.453624 13.0 9.055386 53.823788 34.234486 19.416489 7.071068 31.320919 17.464249 34.88553 10.440307 26.627054 49.162994 46.043457 46.615448 55.470715 22.36068 21.470911 48.6621 37.696156 18.027756 56.920998 34.20526
13.416408 20.024984 69.58448 23.259407 53.600372 46.818798 28.284271 48.76474 11.401754 59.665737 67.02985 72.615425 31.304953 5.8309517 61.846584 19.79899 19.313208 68.0 31.38471 28.635643 26.57066 13.0 42.80187 29.206163 22.0 50.358715 66.730804 72.249565 16.03122 28.01785 34.655445 68.359344 26.41969 42.426407 34.88553 29.529646 22.022715 33.600594 11.661903 67.62396 10.198039 19.235384 21.954498 24.698177 16.763054 35.77709 75.66373 76.687675 50.92151 21.213203 0.0 36.40055 34.43835 56.0803 16.27882 9.219544 12.165525 36.23534 13.038404 37.215588 22.36068 51.351727 37.215588 53.600372 27.294687 12.0415945 70.00714 67.00746 63.694584 73.68175 13.038404 7.28011 69.87131 17.804493 21.095022 77.88453 13.416408
49.648766 45.343136 34.0147 14.0 25.455845 10.816654 9.219544 25.942244 43.416588 33.24154 32.984844 49.67897 43.416588 42.059483 25.495098 54.56189 24.04163 34.48188 22.803509 47.801674 56.22277 30.066593 36.013885 14.422205 16.40122 21.931713 42.520584 40.311287 21.954498 11.401754 68.60029 37.12142 58.077534 17.464249 7.2111025 25.632011 30.0 39.92493 29.0 45.80393 27.730848 51.62364 26.400757 49.24429 51.24451 6.708204 44.72136 47.707443 14.764823 15.652476 36.40055 0.0 25.317978 20.248457 24.083189 28.635643 24.351591 69.339745 49.24429 9.486833 19.104973 22.627417 14.142136 28.600698 11.401754 42.190044 36.687874 33.24154 41.617306 48.104053 34.132095 37.12142 34.0147 53.310413 25.298222 41.484936 49.648766
43.931767 30.413813 44.94441 26.925823 23.086792 33.61547 19.235384 16.124516 34.234486 27.018513 39.812057 38.27532 21.400934 37.94733 41.725292 45.01111 15.264338 39.92493 3.6055512 28.178005 41.231056 37.48333 11.401754 33.955853 17.492855 21.023796 32.75668 41.976185 20.518284 16.27882 55.9017 37.85499 60.827625 14.21267 31.0 5.0990195 14.035668 16.27882 35.35534 33.24154 24.698177 40.04997 12.649111 56.85068 51.078373 31.016125 44.28318 44.011364 36.23534 20.59126 34.43835 25.317978 0.0 41.677334 33.600594 25.553865 25.495098 55.542778 46.173584 34.0147 14.21267 21.931713 12.529964 21.095022 28.86174 32.140316 41.4367 39.39543 29.410883 39.812057 41.036568 30.083218 46.043457 45.17743 38.587563 56.85068 43.931767
69.46222 65.43699 20.808653 32.89377 29.017237 9.433981 29.410883 34.36568 63.631752 35.510563 24.207438 51.24451 62.008064 61.846584 10.0 74.70609 44.04543 26.400757 40.22437 67.20863 76.40026 47.853943 50.32892 29.15476 36.619667 27.073973 44.38468 33.600594 42.190044 31.241 88.83693 32.24903 75.42546 28.79236 21.587032 43.60046 49.497475 57.68882 47.296936 49.0306 47.88528 71.867935 45.96738 65.0 69.856995 20.615528 38.600517 43.56604 5.656854 35.846897 56.0803 20.248457 41.677334 0.0 41.976185 48.76474 44.28318 89.587944 68.622154 20.09975 39.051247 27.018513 29.15476 34.0 29.12044 62.433964 28.42534 25.0 45.54119 47.539455 51.62364 57.306194 19.723083 73.34848 41.109608 23.0 69.46222
29.206163 33.526108 58.077534 10.198039 46.518814 33.24154 18.788294 43.829212 26.925823 53.712196 56.88585 68.8186 40.112343 21.931713 49.09175 36.069378 20.248457 58.249462 30.0 40.311287 42.059483 6.0 44.418465 13.416408 16.27882 42.953465 62.1289 63.600315 13.928389 20.248457 50.931328 60.083275 34.0147 35.846897 20.396078 30.016663 26.683329 40.024994 5.3851647 64.202805 14.035668 35.22783 24.351591 25.632011 27.89265 21.377558 67.6757 69.856995 37.336308 13.453624 16.27882 24.083189 33.600594 41.976185 0.0 14.142136 10.049875 52.49762 27.294687 22.135944 19.416489 43.863426 30.528675 48.02083 13.038404 26.832815 60.41523 57.070133 60.0 68.60029 10.049875 21.023796 58.00862 33.970577 6.0 64.629715 29.206163
21.377558 19.697716 61.0 16.970562 44.407207 39.357338 19.924858 39.56008 15.0 50.447994 58.137768 63.560993 26.476404 14.035668 53.75872 25.942244 10.29563 59.03389 22.36068 26.172504 29.206163 14.56022 34.655445 24.41311 13.152946 41.19466 57.58472 63.126858 7.071068 19.235384 40.22437 59.211487 35.341194 33.24154 28.42534 20.808653 14.422205 27.313 12.369317 58.60034 1.0 23.43075 13.453624 31.827662 25.96151 29.206163 66.48308 67.46851 43.382023 13.0 9.219544 28.635643 25.553865 48.76474 14.142136 0.0 5.0 41.231056 22.022715 31.144823 13.152946 42.190044 28.071337 44.38468 21.213203 14.142136 61.008198 58.077534 54.626 64.513565 17.0 8.602325 61.39218 24.698177 20.09975 69.89278 21.377558
25.298222 24.596748 57.428215 12.0415945 42.201897 34.928497 16.124516 38.078865 19.849434 48.703182 55.0 62.649822 30.066593 17.720045 49.729267 30.528675 10.816654 56.0357 22.022715 30.594116 34.20526 12.206555 35.608986 19.416489 10.198039 38.832977 56.364883 60.530983 5.0 16.03122 45.0 56.718605 36.687874 31.04835 23.600847 21.260292 16.763054 30.083218 10.0 57.801384 4.472136 28.319605 14.764823 31.400637 28.160255 24.41311 64.132675 65.52099 39.0 9.055386 12.165525 24.351591 25.495098 44.28318 10.049875 5.0 0.0 46.09772 25.179358 26.24881 11.661903 39.812057 25.70992 42.72002 16.27882 19.104973 58.077534 55.00909 53.712196 63.15853 15.556349 13.453624 57.706154 29.068884 16.03122 65.802734 25.298222
24.596748 25.298222 99.16148 58.137768 78.58753 80.1561 60.207973 71.5891 26.24881 82.20097 94.86833 90.0 37.0 30.805843 93.47727 16.643316 46.06517 95.2103 54.405884 29.0 14.3178215 48.82622 57.035076 65.053825 53.0 76.243034 86.209045 97.5141 47.434166 58.66856 3.1622777 93.39165 41.0 68.622154 69.656296 50.96077 42.379242 43.011627 47.801674 85.00588 42.0119 17.804493 45.310043 50.01 33.734257 70.434364 99.63935 98.731964 84.0595 53.823788 36.23534 69.339745 55.542778 89.587944 52.49762 41.231056 46.09772 0.0 28.79236 72.34639 51.0 77.201035 64.62198 76.48529 62.369865 27.202942 96.84007 94.55686 82.0975 93.13431 47.507893 32.649654 99.92497 19.235384 57.201397 109.56733 24.596748
5.0990195 23.600847 82.607506 35.735138 66.37017 59.48109 41.303753 61.188232 14.142136 72.18033 80.05623 84.4334 38.183765 8.246211 74.73286 13.038404 31.575306 81.00617 43.416588 33.01515 24.33105 22.203604 53.235325 40.706264 35.014282 63.1981 78.84795 85.146935 29.0 41.04875 26.400757 81.22192 17.20465 55.226807 47.169907 41.109608 32.695564 42.0119 21.954498 79.37884 23.021729 16.492422 33.526108 22.0 6.708204 48.104053 88.45903 89.26926 63.600315 34.234486 13.038404 49.24429 46.173584 68.622154 27.294687 22.022715 25.179358 28.79236 0.0 49.24429 35.128338 64.195015 50.08992 66.09841 39.56008 16.27882 83.0 80.024994 75.58439 85.86617 19.79899 16.155495 82.8734 10.049875 30.610456 90.70832 5.0990195
50.606323 49.819675 38.327538 14.21267 34.20526 12.369317 15.524175 35.341194 46.09772 42.0119 38.910152 58.60034 50.32892 43.046486 28.284271 56.61272 29.529646 40.706264 31.144823 53.712196 60.1415 27.89265 45.044422 9.055386 21.470911 30.805843 51.40039 47.169907 25.612497 18.439089 71.21797 44.407207 55.326305 26.925823 3.1622777 33.54102 36.249138 47.539455 27.513634 54.91812 30.413813 54.56189 32.695564 45.044422 50.0 3.0 51.86521 55.443665 16.124516 19.416489 37.215588 9.486833 34.0147 20.09975 22.135944 31.144823 26.24881 72.34639 49.24429 0.0 25.079872 31.400637 23.537205 37.735924 10.0 45.276924 42.941822 39.357338 50.77401 56.63921 31.575306 39.698868 37.85499 54.91812 21.023796 43.046486 50.606323
34.058773 26.400757 48.76474 14.035668 31.257 29.732138 10.0 26.57066 25.96151 37.363083 45.39824 51.0 25.298222 27.018513 42.48529 37.363083 5.0 46.173584 10.630146 28.84441 37.44329 23.345236 25.059929 22.022715 4.0 28.071337 44.777225 50.039986 6.708204 7.81025 50.566788 46.09772 48.104053 20.09975 21.931713 10.770329 11.18034 23.086792 21.260292 46.141087 12.165525 33.61547 7.615773 43.011627 39.051247 22.36068 53.338543 54.34151 33.42155 7.071068 22.36068 19.104973 14.21267 39.051247 19.416489 13.152946 11.661903 51.0 35.128338 25.079872 0.0 29.068884 15.0 31.320919 17.117243 24.351591 48.09366 45.276924 42.059483 51.62364 27.018513 20.22375 49.335587 36.67424 24.596748 58.60034 34.058773
63.0 51.92302 23.43075 34.0 2.828427 23.086792 25.079872 8.062258 54.230988 10.630146 17.888544 27.202942 43.046486 56.0803 22.847319 65.490456 33.01515 18.027756 22.803509 50.08992 62.936478 49.396355 26.24881 36.878178 29.614185 1.0 20.0 21.0 35.35534 24.04163 77.36925 17.029387 76.40026 9.0 29.732138 26.24881 34.928497 37.44329 47.759815 23.70654 41.19466 61.0 32.38827 69.46222 67.89698 29.068884 24.33105 26.0 23.194826 31.320919 51.351727 22.627417 21.931713 27.018513 43.863426 42.190044 39.812057 77.201035 64.195015 31.400637 29.068884 0.0 14.142136 7.071068 33.01515 52.34501 19.646883 17.464249 19.697716 25.495098 53.488316 49.010204 24.758837 65.192024 46.647614 36.124783 63.0
49.0408 39.39543 34.539833 21.260292 16.492422 21.189621 12.0415945 13.453624 40.60788 23.259407 30.594116 38.418747 33.24154 42.0119 29.832869 51.971146 19.235384 31.257 11.313708 39.20459 50.566788 35.77709 22.203604 26.076809 15.524175 13.152946 31.622776 35.057095 21.213203 10.29563 64.513565 31.144823 62.361847 5.3851647 20.880613 14.866069 22.36068 28.600698 34.0147 33.970577 27.073973 47.801674 19.313208 55.9017 53.75872 20.615528 38.470768 39.849716 23.70654 17.464249 37.215588 14.142136 12.529964 29.15476 30.528675 28.071337 25.70992 64.62198 50.08992 23.537205 15.0 14.142136 0.0 17.492855 21.400934 38.832977 33.13608 30.413813 29.732138 38.078865 39.812057 35.128338 35.341194 51.47815 34.058773 45.486263 49.0408
64.381676 51.47815 27.802877 38.600517 5.0990195 30.083218 29.410883 5.0 55.03635 6.0827627 21.213203 21.213203 40.853397 57.870544 29.12044 66.007576 34.525352 20.615528 23.021729 48.38388 62.169125 53.235325 22.203604 42.44997 32.695564 7.28011 14.21267 21.189621 37.94733 27.784887 76.941536 17.088007 79.37884 12.206555 35.805027 26.019224 35.014282 34.928497 51.42956 17.20465 43.416588 61.13101 33.06055 73.3553 70.34202 35.22783 23.194826 23.194826 30.265491 34.88553 53.600372 28.600698 21.095022 34.0 48.02083 44.38468 42.72002 76.48529 66.09841 37.735924 31.320919 7.071068 17.492855 0.0 38.209946 53.009434 21.633308 20.518284 13.038404 20.59126 57.245087 50.358715 29.410883 66.0303 51.40039 41.04875 64.381676
40.706264 40.22437 45.17743 4.2426405 35.805027 20.22375 9.848858 34.713108 36.124783 43.416588 44.38468 59.413803 42.201897 33.12099 36.05551 46.615448 20.880613 45.88028 25.495098 44.777225 50.32892 19.026299 40.261642 5.0990195 13.152946 32.202484 52.40229 51.62364 16.124516 12.649111 61.220913 48.332184 47.0 26.172504 7.615773 27.073973 27.89265 40.1995 18.248287 55.17246 20.518284 44.598206 24.5153 37.85499 40.792156 8.5440035 55.946404 58.66856 24.33105 10.440307 27.294687 11.401754 28.86174 29.12044 13.038404 21.213203 16.27882 62.369865 39.56008 10.0 17.117243 33.01515 21.400934 38.209946 0.0 35.35534 48.08326 44.64303 50.931328 58.412327 23.0 29.732138 45.044422 44.94441 13.928389 51.62364 40.706264
12.529964 8.246211 73.082146 31.112698 54.147945 53.0 33.12099 48.010414 2.236068 59.03389 69.426216 69.856995 21.931713 9.848858 66.70832 13.152946 19.646883 70.035706 30.0 17.464249 15.264338 24.738634 37.696156 38.418747 25.942244 51.351727 64.77654 73.24616 20.248457 31.780497 26.41969 69.18092 33.30165 43.416588 42.520584 27.073973 18.110771 25.806976 23.086792 64.7611 14.866069 9.433981 20.024984 35.1141 22.671568 43.27817 76.02631 76.105194 56.938564 26.627054 12.0415945 42.190044 32.140316 62.433964 26.832815 14.142136 19.104973 27.202942 16.27882 45.276924 24.351591 52.34501 38.832977 53.009434 35.35534 0.0 71.84706 69.2315 61.188232 71.84706 25.079872 5.8309517 73.68175 13.038404 32.31099 82.85529 12.529964
82.1523 71.568146 10.049875 50.219517 18.384777 31.06445 42.296574 25.942244 73.68175 17.691807 4.2426405 27.166155 62.169125 75.026665 18.867962 85.0 52.34501 2.236068 42.44997 69.46222 82.565125 66.287254 43.829212 50.695168 48.010414 20.615528 22.135944 5.3851647 54.0 42.047592 97.015465 6.3245554 94.04786 28.442924 42.544094 45.88028 54.571056 56.35601 64.93843 27.202942 60.00833 80.60397 51.971146 85.86617 86.209045 41.62932 10.29563 15.811388 28.42534 49.162994 70.00714 36.687874 41.4367 28.42534 60.41523 61.008198 58.077534 96.84007 83.0 42.941822 48.09366 19.646883 33.13608 21.633308 48.08326 71.84706 0.0 3.6055512 25.495098 22.0 70.40597 68.26419 12.0415945 84.59315 61.983868 22.561028 82.1523
79.30952 69.260376 8.246211 46.872166 16.643316 27.45906 39.115215 24.41311 71.021126 17.492855 1.0 29.0 60.41523 72.11102 15.652476 82.37718 49.648766 1.4142135 40.16217 67.54258 80.32434 62.968246 42.638012 47.169907 45.01111 18.384777 23.345236 8.602325 51.0392 39.0 94.641426 8.062258 90.79648 25.96151 39.0 43.65776 52.201534 54.708317 61.66036 28.442924 57.07889 78.10249 49.47727 82.46211 83.09633 38.078865 13.601471 18.788294 24.839485 46.043457 67.00746 33.24154 39.39543 25.0 57.070133 58.077534 55.00909 94.55686 80.024994 39.357338 45.276924 17.464249 30.413813 20.518284 44.64303 69.2315 3.6055512 0.0 26.24881 24.186773 67.08204 65.490456 10.198039 81.88406 58.5235 21.540659 79.30952
73.24616 58.137768 34.48188 50.990196 17.088007 42.72002 41.773197 16.27882 63.348244 10.049875 27.202942 8.944272 45.17743 67.357254 39.012817 73.68175 44.38468 25.632011 32.31099 53.15073 68.007355 64.899925 25.079872 55.31727 44.102154 20.12461 4.472136 22.203604 48.76474 39.824615 83.00603 19.235384 89.961105 24.758837 48.82622 34.48188 43.174065 39.115215 62.968246 4.2426405 53.712196 68.359344 42.059483 84.90583 80.411446 48.259712 21.260292 17.888544 42.44997 46.615448 63.694584 41.617306 29.410883 45.54119 60.0 54.626 53.712196 82.0975 75.58439 50.77401 42.059483 19.697716 29.732138 13.038404 50.931328 61.188232 25.495098 26.24881 0.0 11.045361 68.7968 59.48109 36.40055 74.1485 63.780876 47.759815 73.24616
83.74366 69.065186 32.01562 59.07622 22.671568 46.872166 49.92995 25.079872 73.97973 15.0 25.179358 5.8309517 56.22277 77.62087 39.293766 84.48077 54.405884 23.086792 42.44997 64.195015 79.025314 73.82411 36.124783 62.369865 53.225933 26.24881 7.071068 17.117243 58.30952 48.373547 94.02127 16.124516 99.724625 32.75668 55.154327 44.911022 53.75872 50.159744 72.00694 8.944272 63.56886 79.22752 52.392746 93.941475 90.44335 54.451813 13.928389 8.602325 45.65085 55.470715 73.68175 48.104053 39.812057 47.539455 68.60029 64.513565 63.15853 93.13431 85.86617 56.63921 51.62364 25.495098 38.078865 20.59126 58.412327 71.84706 22.0 24.186773 11.045361 0.0 77.82673 69.856995 34.0147 84.85281 71.84706 44.28318 83.74366
23.021729 33.0 68.117546 20.22375 56.0803 43.104523 28.460499 52.83938 24.33105 63.07139 66.910385 77.698135 43.011627 17.088007 59.03389 30.88689 26.24881 68.24954 37.536648 41.303753 39.293766 4.1231055 51.088158 22.561028 24.698177 52.554733 71.19691 73.4983 20.518284 29.546574 45.486263 69.92139 24.0 45.188496 30.149628 36.796738 31.38471 44.28318 5.8309517 72.94518 17.492855 31.622776 30.0 16.124516 18.788294 31.144823 77.491936 79.47956 47.169907 22.36068 13.038404 34.132095 41.036568 51.62364 10.049875 17.0 15.556349 47.507893 19.79899 31.575306 27.018513 53.488316 39.812057 57.245087 23.0 25.079872 70.40597 67.08204 68.7968 77.82673 0.0 20.024984 68.0294 28.301943 11.18034 74.431175 23.021729
14.035668 13.038404 68.88396 25.495098 51.009804 47.88528 28.231188 45.39824 6.4031243 56.435802 65.62012 68.30813 24.186773 8.062258 62.03225 17.464249 16.0 66.37017 27.45906 21.377558 21.095022 19.235384 37.215588 32.649654 21.189621 48.010414 62.817196 70.00714 15.231546 27.202942 31.622776 66.0 32.01562 40.012497 37.01351 25.0 16.552946 26.907248 17.464249 63.245552 9.433981 14.866069 17.464249 31.764761 21.633308 37.802116 73.061615 73.552704 51.884487 21.470911 7.28011 37.12142 30.083218 57.306194 21.023796 8.602325 13.453624 32.649654 16.155495 39.698868 20.22375 49.010204 35.128338 50.358715 29.732138 5.8309517 68.26419 65.490456 59.48109 69.856995 20.024984 0.0 69.375786 16.492422 26.57066 78.18568 14.035668
82.764725 74.73286 2.0 48.010414 24.839485 25.495098 41.59327 32.55764 75.28612 27.313 9.219544 39.051247 67.424034 75.31268 9.848858 86.683334 54.08327 11.045361 46.141087 74.094536 85.90693 64.00781 50.931328 46.52956 48.270073 25.495098 33.54102 17.262676 54.34151 42.201897 99.724625 18.027756 92.021736 31.906113 38.327538 49.73932 57.697487 62.008064 63.007935 38.63936 60.41523 82.8734 54.626 82.607506 85.2115 37.336308 21.84033 27.658634 21.84033 48.6621 69.87131 34.0147 46.043457 19.723083 58.00862 61.39218 57.706154 99.92497 82.8734 37.85499 49.335587 24.758837 35.341194 29.410883 45.044422 73.68175 12.0415945 10.198039 36.40055 34.0147 68.0294 69.375786 0.0 85.86617 58.420887 11.661903 82.764725
5.3851647 17.492855 85.37564 40.81666 67.06713 63.97656 44.598206 61.03278 11.0 72.06247 82.036575 82.764725 32.75668 12.0415945 78.434685 3.0 32.24903 82.73451 43.011627 26.24881 14.866069 29.832869 50.289165 47.010635 37.64306 64.195015 77.781746 86.145226 31.622776 43.68066 17.20465 82.0975 25.632011 56.22277 52.478565 40.112343 31.144823 37.576588 29.0 77.665955 25.632011 7.81025 33.0 32.01562 16.124516 53.338543 89.005615 89.140335 68.0294 37.696156 17.804493 53.310413 45.17743 73.34848 33.970577 24.698177 29.068884 19.235384 10.049875 54.91812 36.67424 65.192024 51.47815 66.0303 44.94441 13.038404 84.59315 81.88406 74.1485 84.85281 28.301943 16.492422 85.86617 0.0 38.28838 94.57801 5.3851647
33.24154 39.293766 58.694122 12.806249 49.396355 33.06055 22.022715 47.507893 32.202484 56.859474 58.24088 72.47068 46.09772 26.400757 49.09175 40.60788 25.96151 59.77458 34.98571 46.270943 47.423622 8.485281 49.648766 12.0 21.095022 45.79301 65.60488 65.551506 19.646883 24.04163 55.443665 62.241467 34.36568 39.20459 20.09975 35.341194 32.55764 45.891174 9.433981 68.0147 20.024984 40.311287 30.083218 24.186773 29.966648 21.095022 69.856995 72.47068 37.01351 18.027756 21.095022 25.298222 38.587563 41.109608 6.0 20.09975 16.03122 57.201397 30.610456 21.023796 24.596748 46.647614 34.058773 51.40039 13.928389 32.31099 61.983868 58.5235 63.780876 71.84706 11.18034 26.57066 58.420887 38.28838 0.0 64.070274 33.24154
91.09336 84.59905 13.416408 55.108982 36.40055 31.400637 49.979996 44.04543 84.30895 38.910152 20.615528 49.648766 78.24321 83.52245 16.155495 95.63472 63.505905 22.135944 56.61272 84.6286 95.77056 70.5762 62.369865 52.086468 57.00877 36.796738 44.64303 27.166155 62.968246 51.078373 109.165016 28.86174 98.32599 42.638012 44.28318 60.216278 67.74216 73.0 69.87131 49.729267 68.94926 92.19544 64.49806 88.0 92.39589 43.289722 31.0 37.0 27.294687 56.920998 77.88453 41.484936 56.85068 23.0 64.629715 69.89278 65.802734 109.56733 90.70832 43.046486 58.60034 36.124783 45.486263 41.04875 51.62364 82.85529 22.561028 21.540659 47.759815 44.28318 74.431175 78.18568 11.661903 94.57801 64.070274 0.0 91.09336
0.0 19.104973 82.37718 36.67424 65.03076 60.166435 41.231056 59.413803 10.29563 70.45566 79.40403 82.006096 34.058773 7.615773 75.0 8.246211 30.016663 80.224686 41.4367 28.42534 19.235384 24.758837 50.159744 42.43819 34.525352 62.0 76.687675 84.0 28.442924 40.60788 22.472204 80.00625 21.954498 54.0 48.30114 38.832977 30.083218 38.27532 24.083189 76.922035 22.36068 11.401754 31.400637 27.018513 11.7046995 49.193497 87.0919 87.57283 64.25729 34.20526 13.416408 49.648766 43.931767 69.46222 29.206163 21.377558 25.298222 24.596748 5.0990195 50.606323 34.058773 63.0 49.0408 64.381676 40.706264 12.529964 82.1523 79.30952 73.24616 83.74366 23.021729 14.035668 82.764725 5.3851647 33.24154 91.09336 0.0
p
0 0 0 0 0 0
0 0 0 0 0 0
0 0 0 0 0 0
0 0 0 0 0 0
0 0 0 0 0 0
0 0 0 0 0 0
0 0 0 0 0 0
0 0 0 0 0 0
0 0 0 0 0 0
0 0 0 0 0 0
0 0 0 0 0 0
0 0 0 0 0 0
0 0 0 0 0 0
0 0 0 0 0 0
0 0 0 0 0 0
10.0 10.0 10.0 10.0 10.0 10.0
10.0 10.0 10.0 10.0 10.0 10.0
10.0 10.0 10.0 10.0 10.0 10.0
10.0 10.0 10.0 10.0 10.0 10.0
10.0 10.0 10.0 10.0 10.0 10.0
10.0 10.0 10.0 10.0 10.0 10.0
10.0 10.0 10.0 10.0 10.0 10.0
10.0 10.0 10.0 10.0 10.0 10.0
10.0 10.0 10.0 10.0 10.0 10.0
10.0 10.0 10.0 10.0 10.0 10.0
10.0 10.0 10.0 10.0 10.0 10.0
10.0 10.0 10.0 10.0 10.0 10.0
10.0 10.0 10.0 10.0 10.0 10.0
10.0 10.0 10.0 10.0 10.0 10.0
10.0 10.0 10.0 10.0 10.0 10.0
10.0 10.0 10.0 10.0 10.0 10.0
10.0 10.0 10.0 10.0 10.0 10.0
10.0 10.0 10.0 10.0 10.0 10.0
10.0 10.0 10.0 10.0 10.0 10.0
10.0 10.0 10.0 10.0 10.0 10.0
10.0 10.0 10.0 10.0 10.0 10.0
10.0 10.0 10.0 10.0 10.0 10.0
10.0 10.0 10.0 10.0 10.0 10.0
10.0 10.0 10.0 10.0 10.0 10.0
10.0 10.0 10.0 10.0 10.0 10.0
10.0 10.0 10.0 10.0 10.0 10.0
10.0 10.0 10.0 10.0 10.0 10.0
10.0 10.0 10.0 10.0 10.0 10.0
10.0 10.0 10.0 10.0 10.0 10.0
10.0 10.0 10.0 10.0 10.0 10.0
10.0 10.0 10.0 10.0 10.0 10.0
10.0 10.0 10.0 10.0 10.0 10.0
10.0 10.0 10.0 10.0 10.0 10.0
10.0 10.0 10.0 10.0 10.0 10.0
10.0 10.0 10.0 10.0 10.0 10.0
10.0 10.0 10.0 10.0 10.0 10.0
10.0 10.0 10.0 10.0 10.0 10.0
10.0 10.0 10.0 10.0 10.0 10.0
10.0 10.0 10.0 10.0 10.0 10.0
10.0 10.0 10.0 10.0 10.0 10.0
10.0 10.0 10.0 10.0 10.0 10.0
10.0 10.0 10.0 10.0 10.0 10.0
10.0 10.0 10.0 10.0 10.0 10.0
10.0 10.0 10.0 10.0 10.0 10.0
10.0 10.0 10.0 10.0 10.0 10.0
10.0 10.0 10.0 10.0 10.0 10.0
10.0 10.0 10.0 10.0 10.0 10.0
10.0 10.0 10.0 10.0 10.0 10.0
10.0 10.0 10.0 10.0 10.0 10.0
10.0 10.0 10.0 10.0 10.0 10.0
10.0 10.0 10.0 10.0 10.0 10.0
10.0 10.0 10.0 10.0 10.0 10.0
10.0 10.0 10.0 10.0 10.0 10.0
10.0 10.0 10.0 10.0 10.0 10.0
10.0 10.0 10.0 10.0 10.0 10.0
10.0 10.0 10.0 10.0 10.0 10.0
10.0 10.0 10.0 10.0 10.0 10.0
10.0 10.0 10.0 10.0 10.0 10.0
10.0 10.0 10.0 10.0 10.0 10.0
10.0 10.0 10.0 10.0 10.0 10.0
10.0 10.0 10.0 10.0 10.0 10.0
10.0 10.0 10.0 10.0 10.0 10.0
10.0 10.0 10.0 10.0 10.0 10.0
10.0 10.0 10.0 10.0 10.0 10.0
10.0 10.0 10.0 10.0 10.0 10.0
10.0 10.0 10.0 10.0 10.0 10.0
10.0 10.0 10.0 10.0 10.0 10.0
10.0 10.0 10.0 10.0 10.0 10.0
10.0 10.0 10.0 10.0 10.0 10.0
10.0 10.0 10.0 10.0 10.0 10.0
10.0 10.0 10.0 10.0 10.0 10.0
10.0 10.0 10.0 10.0 10.0 10.0
10.0 10.0 10.0 10.0 10.0 10.0
10.0 10.0 10.0 10.0 10.0 10.0
10.0 10.0 10.0 10.0 10.0 10.0
10.0 10.0 10.0 10.0 10.0 10.0
10.0 10.0 10.0 10.0 10.0 10.0
10.0 10.0 10.0 10.0 10.0 10.0
10.0 10.0 10.0 10.0 10.0 10.0
10.0 10.0 10.0 10.0 10.0 10.0
10.0 10.0 10.0 10.0 10.0 10.0
10.0 10.0 10.0 10.0 10.0 10.0
10.0 10.0 10.0 10.0 10.0 10.0
10.0 10.0 10.0 10.0 10.0 10.0
10.0 10.0 10.0 10.0 10.0 10.0
10.0 10.0 10.0 10.0 10.0 10.0
10.0 10.0 10.0 10.0 10.0 10.0
10.0 10.0 10.0 10.0 10.0 10.0
10.0 10.0 10.0 10.0 10.0 10.0
10.0 10.0 10.0 10.0 10.0 10.0
10.0 10.0 10.0 10.0 10.0 10.0
10.0 10.0 10.0 10.0 10.0 10.0
10.0 10.0 10.0 10.0 10.0 10.0
10.0 10.0 10.0 10.0 10.0 10.0
10.0 10.0 10.0 10.0 10.0 10.0
10.0 10.0 10.0 10.0 10.0 10.0
10.0 10.0 10.0 10.0 10.0 10.0
10.0 10.0 10.0 10.0 10.0 10.0
10.0 10.0 10.0 10.0 10.0 10.0
10.0 10.0 10.0 10.0 10.0 10.0
10.0 10.0 10.0 10.0 10.0 10.0
10.0 10.0 10.0 10.0 10.0 10.0
10.0 10.0 10.0 10.0 10.0 10.0
10.0 10.0 10.0 10.0 10.0 10.0
10.0 10.0 10.0 10.0 10.0 10.0
10.0 10.0 10.0 10.0 10.0 10.0
10.0 10.0 10.0 10.0 10.0 10.0
10.0 10.0 10.0 10.0 10.0 10.0
10.0 10.0 10.0 10.0 10.0 10.0
10.0 10.0 10.0 10.0 10.0 10.0
10.0 10.0 10.0 10.0 10.0 10.0
10.0 10.0 10.0 10.0 10.0 10.0
10.0 10.0 10.0 10.0 10.0 10.0
10.0 10.0 10.0 10.0 10.0 10.0
10.0 10.0 10.0 10.0 10.0 10.0
10.0 10.0 10.0 10.0 10.0 10.0
10.0 10.0 10.0 10.0 10.0 10.0
10.0 10.0 10.0 10.0 10.0 10.0
10.0 10.0 10.0 10.0 10.0 10.0
10.0 10.0 10.0 10.0 10.0 10.0
10.0 10.0 10.0 10.0 10.0 10.0
10.0 10.0 10.0 10.0 10.0 10.0
10.0 10.0 10.0 10.0 10.0 10.0
10.0 10.0 10.0 10.0 10.0 10.0
10.0 10.0 10.0 10.0 10.0 10.0
10.0 10.0 10.0 10.0 10.0 10.0
10.0 10.0 10.0 10.0 10.0 10.0
10.0 10.0 10.0 10.0 10.0 10.0
10.0 10.0 10.0 10.0 10.0 10.0
10.0 10.0 10.0 10.0 10.0 10.0
10.0 10.0 10.0 10.0 10.0 10.0
10.0 10.0 10.0 10.0 10.0 10.0
10.0 10.0 10.0 10.0 10.0 10.0
10.0 10.0 10.0 10.0 10.0 10.0
10.0 10.0 10.0 10.0 10.0 10.0
10.0 10.0 10.0 10.0 10.0 10.0
10.0 10.0 10.0 10.0 10.0 10.0
10.0 10.0 10.0 10.0 10.0 10.0
10.0 10.0 10.0 10.0 10.0 10.0
10.0 10.0 10.0 10.0 10.0 10.0
10.0 10.0 10.0 10.0 10.0 10.0
10.0 10.0 10.0 10.0 10.0 10.0
10.0 10.0 10.0 10.0 10.0 10.0
10.0 10.0 10.0 10.0 10.0 10.0
10.0 10.0 10.0 10.0 10.0 10.0
10.0 10.0 10.0 10.0 10.0 10.0
10.0 10.0 10.0 10.0 10.0 10.0
10.0 10.0 10.0 10.0 10.0 10.0
10.0 10.0 10.0 10.0 10.0 10.0
10.0 10.0 10.0 10.0 10.0 10.0
10.0 10.0 10.0 10.0 10.0 10.0
10.0 10.0 10.0 10.0 10.0 10.0
10.0 10.0 10.0 10.0 10.0 10.0
10.0 10.0 10.0 10.0 10.0 10.0
10.0 10.0 10.0 10.0 10.0 10.0
10.0 10.0 10.0 10.0 10.0 10.0
10.0 10.0 10.0 10.0 10.0 10.0
10.0 10.0 10.0 10.0 10.0 10.0
10.0 10.0 10.0 10.0 10.0 10.0
10.0 10.0 10.0 10.0 10.0 10.0
10.0 10.0 10.0 10.0 10.0 10.0
10.0 10.0 10.0 10.0 10.0 10.0
10.0 10.0 10.0 10.0 10.0 10.0
10.0 10.0 10.0 10.0 10.0 10.0
10.0 10.0 10.0 10.0 10.0 10.0
10.0 10.0 10.0 10.0 10.0 10.0
10.0 10.0 10.0 10.0 10.0 10.0
10.0 10.0 10.0 10.0 10.0 10.0
10.0 10.0 10.0 10.0 10.0 10.0
10.0 10.0 10.0 10.0 10.0 10.0
10.0 10.0 10.0 10.0 10.0 10.0
10.0 10.0 10.0 10.0 10.0 10.0
10.0 10.0 10.0 10.0 10.0 10.0
10.0 10.0 10.0 10.0 10.0 10.0
10.0 10.0 10.0 10.0 10.0 10.0
10.0 10.0 10.0 10.0 10.0 10.0
10.0 10.0 10.0 10.0 10.0 10.0
10.0 10.0 10.0 10.0 10.0 10.0
10.0 10.0 10.0 10.0 10.0 10.0
10.0 10.0 10.0 10.0 10.0 10.0
10.0 10.0 10.0 10.0 10.0 10.0
10.0 10.0 10.0 10.0 10.0 10.0
10.0 10.0 10.0 10.0 10.0 10.0
10.0 10.0 10.0 10.0 10.0 10.0
10.0 10.0 10.0 10.0 10.0 10.0
10.0 10.0 10.0 10.0 10.0 10.0
10.0 10.0 10.0 10.0 10.0 10.0
10.0 10.0 10.0 10.0 10.0 10.0
10.0 10.0 10.0 10.0 10.0 10.0
10.0 10.0 10.0 10.0 10.0 10.0
10.0 10.0 10.0 10.0 10.0 10.0
10.0 10.0 10.0 10.0 10.0 10.0
10.0 10.0 10.0 10.0 10.0 10.0
10.0 10.0 10.0 10.0 10.0 10.0
10.0 10.0 10.0 10.0 10.0 10.0
10.0 10.0 10.0 10.0 10.0 10.0
10.0 10.0 10.0 10.0 10.0 10.0
10.0 10.0 10.0 10.0 10.0 10.0
10.0 10.0 10.0 10.0 10.0 10.0
10.0 10.0 10.0 10.0 10.0 10.0
10.0 10.0 10.0 10.0 10.0 10.0
10.0 10.0 10.0 10.0 10.0 10.0
10.0 10.0 10.0 10.0 10.0 10.0
10.0 10.0 10.0 10.0 10.0 10.0
10.0 10.0 10.0 10.0 10.0 10.0
10.0 10.0 10.0 10.0 10.0 10.0
10.0 10.0 10.0 10.0 10.0 10.0
10.0 10.0 10.0 10.0 10.0 10.0
10.0 10.0 10.0 10.0 10.0 10.0
10.0 10.0 10.0 10.0 10.0 10.0
10.0 10.0 10.0 10.0 10.0 10.0
10.0 10.0 10.0 10.0 10.0 10.0
10.0 10.0 10.0 10.0 10.0 10.0
10.0 10.0 10.0 10.0 10.0 10.0
10.0 10.0 10.0 10.0 10.0 10.0
10.0 10.0 10.0 10.0 10.0 10.0
10.0 10.0 10.0 10.0 10.0 10.0
10.0 10.0 10.0 10.0 10.0 10.0
10.0 10.0 10.0 10.0 10.0 10.0
10.0 10.0 10.0 10.0 10.0 10.0
10.0 10.0 10.0 10.0 10.0 10.0
10.0 10.0 10.0 10.0 10.0 10.0
10.0 10.0 10.0 10.0 10.0 10.0
10.0 10.0 10.0 10.0 10.0 10.0
10.0 10.0 10.0 10.0 10.0 10.0
10.0 10.0 10.0 10.0 10.0 10.0
10.0 10.0 10.0 10.0 10.0 10.0
10.0 10.0 10.0 10.0 10.0 10.0
10.0 10.0 10.0 10.0 10.0 10.0
10.0 10.0 10.0 10.0 10.0 10.0
10.0 10.0 10.0 10.0 10.0 10.0
10.0 10.0 10.0 10.0 10.0 10.0
10.0 10.0 10.0 10.0 10.0 10.0
10.0 10.0 10.0 10.0 10.0 10.0
10.0 10.0 10.0 10.0 10.0 10.0
10.0 10.0 10.0 10.0 10.0 10.0
10.0 10.0 10.0 10.0 10.0 10.0
10.0 10.0 10.0 10.0 10.0 10.0
10.0 10.0 10.0 10.0 10.0 10.0
10.0 10.0 10.0 10.0 10.0 10.0
10.0 10.0 10.0 10.0 10.0 10.0
10.0 10.0 10.0 10.0 10.0 10.0
10.0 10.0 10.0 10.0 10.0 10.0
10.0 10.0 10.0 10.0 10.0 10.0
10.0 10.0 10.0 10.0 10.0 10.0
10.0 10.0 10.0 10.0 10.0 10.0
10.0 10.0 10.0 10.0 10.0 10.0
10.0 10.0 10.0 10.0 10.0 10.0
10.0 10.0 10.0 10.0 10.0 10.0
10.0 10.0 10.0 10.0 10.0 10.0
10.0 10.0 10.0 10.0 10.0 10.0
10.0 10.0 10.0 10.0 10.0 10.0
10.0 10.0 10.0 10.0 10.0 10.0
10.0 10.0 10.0 10.0 10.0 10.0
10.0 10.0 10.0 10.0 10.0 10.0
10.0 10.0 10.0 10.0 10.0 10.0
10.0 10.0 10.0 10.0 10.0 10.0
10.0 10.0 10.0 10.0 10.0 10.0
10.0 10.0 10.0 10.0 10.0 10.0
10.0 10.0 10.0 10.0 10.0 10.0
10.0 10.0 10.0 10.0 10.0 10.0
10.0 10.0 10.0 10.0 10.0 10.0
10.0 10.0 10.0 10.0 10.0 10.0
10.0 10.0 10.0 10.0 10.0 10.0
10.0 10.0 10.0 10.0 10.0 10.0
10.0 10.0 10.0 10.0 10.0 10.0
10.0 10.0 10.0 10.0 10.0 10.0
10.0 10.0 10.0 10.0 10.0 10.0
10.0 10.0 10.0 10.0 10.0 10.0
10.0 10.0 10.0 10.0 10.0 10.0
10.0 10.0 10.0 10.0 10.0 10.0
10.0 10.0 10.0 10.0 10.0 10.0
10.0 10.0 10.0 10.0 10.0 10.0
10.0 10.0 10.0 10.0 10.0 10.0
10.0 10.0 10.0 10.0 10.0 10.0
10.0 10.0 10.0 10.0 10.0 10.0
10.0 10.0 10.0 10.0 10.0 10.0
10.0 10.0 10.0 10.0 10.0 10.0
10.0 10.0 10.0 10.0 10.0 10.0
10.0 10.0 10.0 10.0 10.0 10.0
10.0 10.0 10.0 10.0 10.0 10.0
10.0 10.0 10.0 10.0 10.0 10.0
10.0 10.0 10.0 10.0 10.0 10.0
10.0 10.0 10.0 10.0 10.0 10.0
10.0 10.0 10.0 10.0 10.0 10.0
10.0 10.0 10.0 10.0 10.0 10.0
10.0 10.0 10.0 10.0 10.0 10.0
10.0 10.0 10.0 10.0 10.0 10.0
10.0 10.0 10.0 10.0 10.0 10.0
10.0 10.0 10.0 10.0 10.0 10.0
10.0 10.0 10.0 10.0 10.0 10.0
10.0 10.0 10.0 10.0 10.0 10.0
10.0 10.0 10.0 10.0 10.0 10.0
10.0 10.0 10.0 10.0 10.0 10.0
10.0 10.0 10.0 10.0 10.0 10.0
10.0 10.0 10.0 10.0 10.0 10.0
10.0 10.0 10.0 10.0 10.0 10.0
10.0 10.0 10.0 10.0 10.0 10.0
10.0 10.0 10.0 10.0 10.0 10.0
10.0 10.0 10.0 10.0 10.0 10.0
10.0 10.0 10.0 10.0 10.0 10.0
10.0 10.0 10.0 10.0 10.0 10.0
10.0 10.0 10.0 10.0 10.0 10.0
10.0 10.0 10.0 10.0 10.0 10.0
10.0 10.0 10.0 10.0 10.0 10.0
10.0 10.0 10.0 10.0 10.0 10.0
10.0 10.0 10.0 10.0 10.0 10.0
10.0 10.0 10.0 10.0 10.0 10.0
10.0 10.0 10.0 10.0 10.0 10.0
10.0 10.0 10.0 10.0 10.0 10.0
10.0 10.0 10.0 10.0 10.0 10.0
10.0 10.0 10.0 10.0 10.0 10.0
10.0 10.0 10.0 10.0 10.0 10.0
10.0 10.0 10.0 10.0 10.0 10.0
10.0 10.0 10.0 10.0 10.0 10.0
10.0 10.0 10.0 10.0 10.0 10.0
10.0 10.0 10.0 10.0 10.0 10.0
10.0 10.0 10.0 10.0 10.0 10.0
10.0 10.0 10.0 10.0 10.0 10.0
10.0 10.0 10.0 10.0 10.0 10.0
10.0 10.0 10.0 10.0 10.0 10.0
10.0 10.0 10.0 10.0 10.0 10.0
10.0 10.0 10.0 10.0 10.0 10.0
10.0 10.0 10.0 10.0 10.0 10.0
10.0 10.0 10.0 10.0 10.0 10.0
10.0 10.0 10.0 10.0 10.0 10.0
10.0 10.0 10.0 10.0 10.0 10.0
10.0 10.0 10.0 10.0 10.0 10.0
10.0 10.0 10.0 10.0 10.0 10.0
10.0 10.0 10.0 10.0 10.0 10.0
10.0 10.0 10.0 10.0 10.0 10.0
10.0 10.0 10.0 10.0 10.0 10.0
10.0 10.0 10.0 10.0 10.0 10.0
10.0 10.0 10.0 10.0 10.0 10.0
10.0 10.0 10.0 10.0 10.0 10.0
10.0 10.0 10.0 10.0 10.0 10.0
10.0 10.0 10.0 10.0 10.0 10.0
10.0 10.0 10.0 10.0 10.0 10.0
10.0 10.0 10.0 10.0 10.0 10.0
10.0 10.0 10.0 10.0 10.0 10.0
10.0 10.0 10.0 10.0 10.0 10.0
10.0 10.0 10.0 10.0 10.0 10.0
10.0 10.0 10.0 10.0 10.0 10.0
10.0 10.0 10.0 10.0 10.0 10.0
10.0 10.0 10.0 10.0 10.0 10.0
10.0 10.0 10.0 10.0 10.0 10.0
10.0 10.0 10.0 10.0 10.0 10.0
10.0 10.0 10.0 10.0 10.0 10.0
10.0 10.0 10.0 10.0 10.0 10.0
10.0 10.0 10.0 10.0 10.0 10.0
10.0 10.0 10.0 10.0 10.0 10.0
10.0 10.0 10.0 10.0 10.0 10.0
10.0 10.0 10.0 10.0 10.0 10.0
10.0 10.0 10.0 10.0 10.0 10.0
10.0 10.0 10.0 10.0 10.0 10.0
10.0 10.0 10.0 10.0 10.0 10.0
10.0 10.0 10.0 10.0 10.0 10.0
10.0 10.0 10.0 10.0 10.0 10.0
10.0 10.0 10.0 10.0 10.0 10.0
10.0 10.0 10.0 10.0 10.0 10.0
10.0 10.0 10.0 10.0 10.0 10.0
10.0 10.0 10.0 10.0 10.0 10.0
10.0 10.0 10.0 10.0 10.0 10.0
10.0 10.0 10.0 10.0 10.0 10.0
10.0 10.0 10.0 10.0 10.0 10.0
10.0 10.0 10.0 10.0 10.0 10.0
10.0 10.0 10.0 10.0 10.0 10.0
10.0 10.0 10.0 10.0 10.0 10.0
10.0 10.0 10.0 10.0 10.0 10.0
10.0 10.0 10.0 10.0 10.0 10.0
10.0 10.0 10.0 10.0 10.0 10.0
10.0 10.0 10.0 10.0 10.0 10.0
10.0 10.0 10.0 10.0 10.0 10.0
10.0 10.0 10.0 10.0 10.0 10.0
10.0 10.0 10.0 10.0 10.0 10.0
10.0 10.0 10.0 10.0 10.0 10.0
10.0 10.0 10.0 10.0 10.0 10.0
10.0 10.0 10.0 10.0 10.0 10.0
10.0 10.0 10.0 10.0 10.0 10.0
10.0 10.0 10.0 10.0 10.0 10.0
10.0 10.0 10.0 10.0 10.0 10.0
10.0 10.0 10.0 10.0 10.0 10.0
10.0 10.0 10.0 10.0 10.0 10.0
10.0 10.0 10.0 10.0 10.0 10.0
10.0 10.0 10.0 10.0 10.0 10.0
10.0 10.0 10.0 10.0 10.0 10.0
10.0 10.0 10.0 10.0 10.0 10.0
10.0 10.0 10.0 10.0 10.0 10.0
10.0 10.0 10.0 10.0 10.0 10.0
10.0 10.0 10.0 10.0 10.0 10.0
10.0 10.0 10.0 10.0 10.0 10.0
10.0 10.0 10.0 10.0 10.0 10.0
10.0 10.0 10.0 10.0 10.0 10.0
10.0 10.0 10.0 10.0 10.0 10.0
10.0 10.0 10.0 10.0 10.0 10.0
10.0 10.0 10.0 10.0 10.0 10.0
10.0 10.0 10.0 10.0 10.0 10.0
10.0 10.0 10.0 10.0 10.0 10.0
10.0 10.0 10.0 10.0 10.0 10.0
10.0 10.0 10.0 10.0 10.0 10.0
10.0 10.0 10.0 10.0 10.0 10.0
10.0 10.0 10.0 10.0 10.0 10.0
10.0 10.0 10.0 10.0 10.0 10.0
10.0 10.0 10.0 10.0 10.0 10.0
10.0 10.0 10.0 10.0 10.0 10.0
10.0 10.0 10.0 10.0 10.0 10.0
10.0 10.0 10.0 10.0 10.0 10.0
10.0 10.0 10.0 10.0 10.0 10.0
10.0 10.0 10.0 10.0 10.0 10.0
10.0 10.0 10.0 10.0 10.0 10.0
10.0 10.0 10.0 10.0 10.0 10.0
10.0 10.0 10.0 10.0 10.0 10.0
10.0 10.0 10.0 10.0 10.0 10.0
10.0 10.0 10.0 10.0 10.0 10.0
10.0 10.0 10.0 10.0 10.0 10.0
10.0 10.0 10.0 10.0 10.0 10.0
10.0 10.0 10.0 10.0 10.0 10.0
10.0 10.0 10.0 10.0 10.0 10.0
10.0 10.0 10.0 10.0 10.0 10.0
10.0 10.0 10.0 10.0 10.0 10.0
10.0 10.0 10.0 10.0 10.0 10.0
10.0 10.0 10.0 10.0 10.0 10.0
10.0 10.0 10.0 10.0 10.0 10.0
10.0 10.0 10.0 10.0 10.0 10.0
10.0 10.0 10.0 10.0 10.0 10.0
10.0 10.0 10.0 10.0 10.0 10.0
10.0 10.0 10.0 10.0 10.0 10.0
10.0 10.0 10.0 10.0 10.0 10.0
10.0 10.0 10.0 10.0 10.0 10.0
10.0 10.0 10.0 10.0 10.0 10.0
10.0 10.0 10.0 10.0 10.0 10.0
10.0 10.0 10.0 10.0 10.0 10.0
10.0 10.0 10.0 10.0 10.0 10.0
10.0 10.0 10.0 10.0 10.0 10.0
10.0 10.0 10.0 10.0 10.0 10.0
10.0 10.0 10.0 10.0 10.0 10.0
10.0 10.0 10.0 10.0 10.0 10.0
10.0 10.0 10.0 10.0 10.0 10.0
10.0 10.0 10.0 10.0 10.0 10.0
10.0 10.0 10.0 10.0 10.0 10.0
10.0 10.0 10.0 10.0 10.0 10.0
10.0 10.0 10.0 10.0 10.0 10.0
10.0 10.0 10.0 10.0 10.0 10.0
10.0 10.0 10.0 10.0 10.0 10.0
10.0 10.0 10.0 10.0 10.0 10.0
10.0 10.0 10.0 10.0 10.0 10.0
10.0 10.0 10.0 10.0 10.0 10.0
10.0 10.0 10.0 10.0 10.0 10.0
10.0 10.0 10.0 10.0 10.0 10.0
10.0 10.0 10.0 10.0 10.0 10.0
10.0 10.0 10.0 10.0 10.0 10.0
10.0 10.0 10.0 10.0 10.0 10.0
10.0 10.0 10.0 10.0 10.0 10.0
10.0 10.0 10.0 10.0 10.0 10.0
10.0 10.0 10.0 10.0 10.0 10.0
10.0 10.0 10.0 10.0 10.0 10.0
10.0 10.0 10.0 10.0 10.0 10.0
10.0 10.0 10.0 10.0 10.0 10.0
10.0 10.0 10.0 10.0 10.0 10.0
10.0 10.0 10.0 10.0 10.0 10.0
10.0 10.0 10.0 10.0 10.0 10.0
10.0 10.0 10.0 10.0 10.0 10.0
10.0 10.0 10.0 10.0 10.0 10.0
10.0 10.0 10.0 10.0 10.0 10.0
10.0 10.0 10.0 10.0 10.0 10.0
10.0 10.0 10.0 10.0 10.0 10.0
10.0 10.0 10.0 10.0 10.0 10.0
10.0 10.0 10.0 10.0 10.0 10.0
10.0 10.0 10.0 10.0 10.0 10.0
10.0 10.0 10.0 10.0 10.0 10.0
10.0 10.0 10.0 10.0 10.0 10.0
10.0 10.0 10.0 10.0 10.0 10.0
10.0 10.0 10.0 10.0 10.0 10.0
10.0 10.0 10.0 10.0 10.0 10.0
10.0 10.0 10.0 10.0 10.0 10.0
10.0 10.0 10.0 10.0 10.0 10.0
10.0 10.0 10.0 10.0 10.0 10.0
10.0 10.0 10.0 10.0 10.0 10.0
10.0 10.0 10.0 10.0 10.0 10.0
10.0 10.0 10.0 10.0 10.0 10.0
10.0 10.0 10.0 10.0 10.0 10.0
10.0 10.0 10.0 10.0 10.0 10.0
10.0 10.0 10.0 10.0 10.0 10.0
10.0 10.0 10.0 10.0 10.0 10.0
10.0 10.0 10.0 10.0 10.0 10.0
10.0 10.0 10.0 10.0 10.0 10.0
10.0 10.0 10.0 10.0 10.0 10.0
10.0 10.0 10.0 10.0 10.0 10.0
10.0 10.0 10.0 10.0 10.0 10.0
10.0 10.0 10.0 10.0 10.0 10.0
10.0 10.0 10.0 10.0 10.0 10.0
10.0 10.0 10.0 10.0 10.0 10.0
10.0 10.0 10.0 10.0 10.0 10.0
10.0 10.0 10.0 10.0 10.0 10.0
10.0 10.0 10.0 10.0 10.0 10.0
10.0 10.0 10.0 10.0 10.0 10.0
10.0 10.0 10.0 10.0 10.0 10.0
10.0 10.0 10.0 10.0 10.0 10.0
10.0 10.0 10.0 10.0 10.0 10.0
10.0 10.0 10.0 10.0 10.0 10.0
10.0 10.0 10.0 10.0 10.0 10.0
10.0 10.0 10.0 10.0 10.0 10.0
10.0 10.0 10.0 10.0 10.0 10.0
10.0 10.0 10.0 10.0 10.0 10.0
10.0 10.0 10.0 10.0 10.0 10.0
10.0 10.0 10.0 10.0 10.0 10.0
10.0 10.0 10.0 10.0 10.0 10.0
10.0 10.0 10.0 10.0 10.0 10.0
10.0 10.0 10.0 10.0 10.0 10.0
10.0 10.0 10.0 10.0 10.0 10.0
10.0 10.0 10.0 10.0 10.0 10.0
10.0 10.0 10.0 10.0 10.0 10.0
10.0 10.0 10.0 10.0 10.0 10.0
10.0 10.0 10.0 10.0 10.0 10.0
10.0 10.0 10.0 10.0 10.0 10.0
10.0 10.0 10.0 10.0 10.0 10.0
10.0 10.0 10.0 10.0 10.0 10.0
10.0 10.0 10.0 10.0 10.0 10.0
10.0 10.0 10.0 10.0 10.0 10.0
10.0 10.0 10.0 10.0 10.0 10.0
10.0 10.0 10.0 10.0 10.0 10.0
10.0 10.0 10.0 10.0 10.0 10.0
10.0 10.0 10.0 10.0 10.0 10.0
10.0 10.0 10.0 10.0 10.0 10.0
10.0 10.0 10.0 10.0 10.0 10.0
10.0 10.0 10.0 10.0 10.0 10.0
10.0 10.0 10.0 10.0 10.0 10.0
10.0 10.0 10.0 10.0 10.0 10.0
10.0 10.0 10.0 10.0 10.0 10.0
10.0 10.0 10.0 10.0 10.0 10.0
10.0 10.0 10.0 10.0 10.0 10.0
10.0 10.0 10.0 10.0 10.0 10.0
10.0 10.0 10.0 10.0 10.0 10.0
10.0 10.0 10.0 10.0 10.0 10.0
10.0 10.0 10.0 10.0 10.0 10.0
10.0 10.0 10.0 10.0 10.0 10.0
10.0 10.0 10.0 10.0 10.0 10.0
10.0 10.0 10.0 10.0 10.0 10.0
10.0 10.0 10.0 10.0 10.0 10.0
10.0 10.0 10.0 10.0 10.0 10.0
10.0 10.0 10.0 10.0 10.0 10.0
10.0 10.0 10.0 10.0 10.0 10.0
10.0 10.0 10.0 10.0 10.0 10.0
10.0 10.0 10.0 10.0 10.0 10.0
10.0 10.0 10.0 10.0 10.0 10.0
10.0 10.0 10.0 10.0 10.0 10.0
10.0 10.0 10.0 10.0 10.0 10.0
10.0 10.0 10.0 10.0 10.0 10.0
10.0 10.0 10.0 10.0 10.0 10.0
10.0 10.0 10.0 10.0 10.0 10.0
10.0 10.0 10.0 10.0 10.0 10.0
10.0 10.0 10.0 10.0 10.0 10.0
10.0 10.0 10.0 10.0 10.0 10.0
10.0 10.0 10.0 10.0 10.0 10.0
10.0 10.0 10.0 10.0 10.0 10.0
10.0 10.0 10.0 10.0 10.0 10.0
10.0 10.0 10.0 10.0 10.0 10.0
10.0 10.0 10.0 10.0 10.0 10.0
10.0 10.0 10.0 10.0 10.0 10.0
10.0 10.0 10.0 10.0 10.0 10.0
10.0 10.0 10.0 10.0 10.0 10.0
10.0 10.0 10.0 10.0 10.0 10.0
10.0 10.0 10.0 10.0 10.0 10.0
10.0 10.0 10.0 10.0 10.0 10.0
10.0 10.0 10.0 10.0 10.0 10.0
10.0 10.0 10.0 10.0 10.0 10.0
10.0 10.0 10.0 10.0 10.0 10.0
10.0 10.0 10.0 10.0 10.0 10.0
10.0 10.0 10.0 10.0 10.0 10.0
10.0 10.0 10.0 10.0 10.0 10.0
10.0 10.0 10.0 10.0 10.0 10.0
10.0 10.0 10.0 10.0 10.0 10.0
10.0 10.0 10.0 10.0 10.0 10.0
10.0 10.0 10.0 10.0 10.0 10.0
10.0 10.0 10.0 10.0 10.0 10.0
10.0 10.0 10.0 10.0 10.0 10.0
10.0 10.0 10.0 10.0 10.0 10.0
10.0 10.0 10.0 10.0 10.0 10.0
10.0 10.0 10.0 10.0 10.0 10.0
10.0 10.0 10.0 10.0 10.0 10.0
10.0 10.0 10.0 10.0 10.0 10.0
10.0 10.0 10.0 10.0 10.0 10.0
10.0 10.0 10.0 10.0 10.0 10.0
10.0 10.0 10.0 10.0 10.0 10.0
10.0 10.0 10.0 10.0 10.0 10.0
10.0 10.0 10.0 10.0 10.0 10.0
10.0 10.0 10.0 10.0 10.0 10.0
10.0 10.0 10.0 10.0 10.0 10.0
10.0 10.0 10.0 10.0 10.0 10.0
10.0 10.0 10.0 10.0 10.0 10.0
10.0 10.0 10.0 10.0 10.0 10.0
10.0 10.0 10.0 10.0 10.0 10.0
10.0 10.0 10.0 10.0 10.0 10.0
10.0 10.0 10.0 10.0 10.0 10.0
10.0 10.0 10.0 10.0 10.0 10.0
10.0 10.0 10.0 10.0 10.0 10.0
10.0 10.0 10.0 10.0 10.0 10.0
10.0 10.0 10.0 10.0 10.0 10.0
10.0 10.0 10.0 10.0 10.0 10.0
10.0 10.0 10.0 10.0 10.0 10.0
10.0 10.0 10.0 10.0 10.0 10.0
10.0 10.0 10.0 10.0 10.0 10.0
10.0 10.0 10.0 10.0 10.0 10.0
10.0 10.0 10.0 10.0 10.0 10.0
10.0 10.0 10.0 10.0 10.0 10.0
10.0 10.0 10.0 10.0 10.0 10.0
10.0 10.0 10.0 10.0 10.0 10.0
10.0 10.0 10.0 10.0 10.0 10.0
10.0 10.0 10.0 10.0 10.0 10.0
10.0 10.0 10.0 10.0 10.0 10.0
10.0 10.0 10.0 10.0 10.0 10.0
10.0 10.0 10.0 10.0 10.0 10.0
10.0 10.0 10.0 10.0 10.0 10.0
10.0 10.0 10.0 10.0 10.0 10.0
10.0 10.0 10.0 10.0 10.0 10.0
10.0 10.0 10.0 10.0 10.0 10.0
10.0 10.0 10.0 10.0 10.0 10.0
10.0 10.0 10.0 10.0 10.0 10.0
10.0 10.0 10.0 10.0 10.0 10.0
10.0 10.0 10.0 10.0 10.0 10.0
10.0 10.0 10.0 10.0 10.0 10.0
10.0 10.0 10.0 10.0 10.0 10.0
10.0 10.0 10.0 10.0 10.0 10.0
10.0 10.0 10.0 10.0 10.0 10.0
10.0 10.0 10.0 10.0 10.0 10.0
10.0 10.0 10.0 10.0 10.0 10.0
10.0 10.0 10.0 10.0 10.0 10.0
10.0 10.0 10.0 10.0 10.0 10.0
10.0 10.0 10.0 10.0 10.0 10.0
10.0 10.0 10.0 10.0 10.0 10.0
10.0 10.0 10.0 10.0 10.0 10.0
10.0 10.0 10.0 10.0 10.0 10.0
10.0 10.0 10.0 10.0 10.0 10.0
10.0 10.0 10.0 10.0 10.0 10.0
10.0 10.0 10.0 10.0 10.0 10.0
10.0 10.0 10.0 10.0 10.0 10.0
10.0 10.0 10.0 10.0 10.0 10.0
10.0 10.0 10.0 10.0 10.0 10.0
10.0 10.0 10.0 10.0 10.0 10.0
10.0 10.0 10.0 10.0 10.0 10.0
10.0 10.0 10.0 10.0 10.0 10.0
10.0 10.0 10.0 10.0 10.0 10.0
10.0 10.0 10.0 10.0 10.0 10.0
10.0 10.0 10.0 10.0 10.0 10.0
10.0 10.0 10.0 10.0 10.0 10.0
10.0 10.0 10.0 10.0 10.0 10.0
10.0 10.0 10.0 10.0 10.0 10.0
10.0 10.0 10.0 10.0 10.0 10.0
10.0 10.0 10.0 10.0 10.0 10.0
10.0 10.0 10.0 10.0 10.0 10.0
10.0 10.0 10.0 10.0 10.0 10.0
10.0 10.0 10.0 10.0 10.0 10.0
10.0 10.0 10.0 10.0 10.0 10.0
10.0 10.0 10.0 10.0 10.0 10.0
10.0 10.0 10.0 10.0 10.0 10.0
10.0 10.0 10.0 10.0 10.0 10.0
10.0 10.0 10.0 10.0 10.0 10.0
10.0 10.0 10.0 10.0 10.0 10.0
10.0 10.0 10.0 10.0 10.0 10.0
10.0 10.0 10.0 10.0 10.0 10.0
10.0 10.0 10.0 10.0 10.0 10.0
10.0 10.0 10.0 10.0 10.0 10.0
10.0 10.0 10.0 10.0 10.0 10.0
10.0 10.0 10.0 10.0 10.0 10.0
10.0 10.0 10.0 10.0 10.0 10.0
10.0 10.0 10.0 10.0 10.0 10.0
10.0 10.0 10.0 10.0 10.0 10.0
10.0 10.0 10.0 10.0 10.0 10.0
10.0 10.0 10.0 10.0 10.0 10.0
10.0 10.0 10.0 10.0 10.0 10.0
10.0 10.0 10.0 10.0 10.0 10.0
10.0 10.0 10.0 10.0 10.0 10.0
10.0 10.0 10.0 10.0 10.0 10.0
10.0 10.0 10.0 10.0 10.0 10.0
10.0 10.0 10.0 10.0 10.0 10.0
10.0 10.0 10.0 10.0 10.0 10.0
10.0 10.0 10.0 10.0 10.0 10.0
10.0 10.0 10.0 10.0 10.0 10.0
10.0 10.0 10.0 10.0 10.0 10.0
10.0 10.0 10.0 10.0 10.0 10.0
10.0 10.0 10.0 10.0 10.0 10.0
10.0 10.0 10.0 10.0 10.0 10.0
10.0 10.0 10.0 10.0 10.0 10.0
10.0 10.0 10.0 10.0 10.0 10.0
10.0 10.0 10.0 10.0 10.0 10.0
10.0 10.0 10.0 10.0 10.0 10.0
10.0 10.0 10.0 10.0 10.0 10.0
10.0 10.0 10.0 10.0 10.0 10.0
10.0 10.0 10.0 10.0 10.0 10.0
10.0 10.0 10.0 10.0 10.0 10.0
10.0 10.0 10.0 10.0 10.0 10.0
10.0 10.0 10.0 10.0 10.0 10.0
10.0 10.0 10.0 10.0 10.0 10.0
10.0 10.0 10.0 10.0 10.0 10.0
10.0 10.0 10.0 10.0 10.0 10.0
10.0 10.0 10.0 10.0 10.0 10.0
10.0 10.0 10.0 10.0 10.0 10.0
10.0 10.0 10.0 10.0 10.0 10.0
10.0 10.0 10.0 10.0 10.0 10.0
10.0 10.0 10.0 10.0 10.0 10.0
10.0 10.0 10.0 10.0 10.0 10.0
10.0 10.0 10.0 10.0 10.0 10.0
10.0 10.0 10.0 10.0 10.0 10.0
10.0 10.0 10.0 10.0 10.0 10.0
10.0 10.0 10.0 10.0 10.0 10.0
10.0 10.0 10.0 10.0 10.0 10.0
10.0 10.0 10.0 10.0 10.0 10.0
10.0 10.0 10.0 10.0 10.0 10.0
10.0 10.0 10.0 10.0 10.0 10.0
10.0 10.0 10.0 10.0 10.0 10.0
10.0 10.0 10.0 10.0 10.0 10.0
10.0 10.0 10.0 10.0 10.0 10.0
10.0 10.0 10.0 10.0 10.0 10.0
10.0 10.0 10.0 10.0 10.0 10.0
10.0 10.0 10.0 10.0 10.0 10.0
10.0 10.0 10.0 10.0 10.0 10.0
10.0 10.0 10.0 10.0 10.0 10.0
10.0 10.0 10.0 10.0 10.0 10.0
10.0 10.0 10.0 10.0 10.0 10.0
10.0 10.0 10.0 10.0 10.0 10.0
10.0 10.0 10.0 10.0 10.0 10.0
10.0 10.0 10.0 10.0 10.0 10.0
10.0 10.0 10.0 10.0 10.0 10.0
10.0 10.0 10.0 10.0 10.0 10.0
10.0 10.0 10.0 10.0 10.0 10.0
10.0 10.0 10.0 10.0 10.0 10.0
10.0 10.0 10.0 10.0 10.0 10.0
10.0 10.0 10.0 10.0 10.0 10.0
10.0 10.0 10.0 10.0 10.0 10.0
10.0 10.0 10.0 10.0 10.0 10.0
10.0 10.0 10.0 10.0 10.0 10.0
10.0 10.0 10.0 10.0 10.0 10.0
10.0 10.0 10.0 10.0 10.0 10.0
10.0 10.0 10.0 10.0 10.0 10.0
10.0 10.0 10.0 10.0 10.0 10.0
10.0 10.0 10.0 10.0 10.0 10.0
10.0 10.0 10.0 10.0 10.0 10.0
10.0 10.0 10.0 10.0 10.0 10.0
10.0 10.0 10.0 10.0 10.0 10.0
10.0 10.0 10.0 10.0 10.0 10.0
10.0 10.0 10.0 10.0 10.0 10.0
10.0 10.0 10.0 10.0 10.0 10.0
10.0 10.0 10.0 10.0 10.0 10.0
10.0 10.0 10.0 10.0 10.0 10.0
10.0 10.0 10.0 10.0 10.0 10.0
10.0 10.0 10.0 10.0 10.0 10.0
10.0 10.0 10.0 10.0 10.0 10.0
10.0 10.0 10.0 10.0 10.0 10.0
10.0 10.0 10.0 10.0 10.0 10.0
10.0 10.0 10.0 10.0 10.0 10.0
10.0 10.0 10.0 10.0 10.0 10.0
10.0 10.0 10.0 10.0 10.0 10.0
10.0 10.0 10.0 10.0 10.0 10.0
10.0 10.0 10.0 10.0 10.0 10.0
10.0 10.0 10.0 10.0 10.0 10.0
10.0 10.0 10.0 10.0 10.0 10.0
10.0 10.0 10.0 10.0 10.0 10.0
10.0 10.0 10.0 10.0 10.0 10.0
10.0 10.0 10.0 10.0 10.0 10.0
10.0 10.0 10.0 10.0 10.0 10.0
10.0 10.0 10.0 10.0 10.0 10.0
10.0 10.0 10.0 10.0 10.0 10.0
10.0 10.0 10.0 10.0 10.0 10.0
10.0 10.0 10.0 10.0 10.0 10.0
10.0 10.0 10.0 10.0 10.0 10.0
10.0 10.0 10.0 10.0 10.0 10.0
10.0 10.0 10.0 10.0 10.0 10.0
10.0 10.0 10.0 10.0 10.0 10.0
10.0 10.0 10.0 10.0 10.0 10.0
10.0 10.0 10.0 10.0 10.0 10.0
10.0 10.0 10.0 10.0 10.0 10.0
10.0 10.0 10.0 10.0 10.0 10.0
10.0 10.0 10.0 10.0 10.0 10.0
10.0 10.0 10.0 10.0 10.0 10.0
10.0 10.0 10.0 10.0 10.0 10.0
10.0 10.0 10.0 10.0 10.0 10.0
10.0 10.0 10.0 10.0 10.0 10.0
10.0 10.0 10.0 10.0 10.0 10.0
10.0 10.0 10.0 10.0 10.0 10.0
10.0 10.0 10.0 10.0 10.0 10.0
10.0 10.0 10.0 10.0 10.0 10.0
10.0 10.0 10.0 10.0 10.0 10.0
10.0 10.0 10.0 10.0 10.0 10.0
10.0 10.0 10.0 10.0 10.0 10.0
10.0 10.0 10.0 10.0 10.0 10.0
10.0 10.0 10.0 10.0 10.0 10.0
10.0 10.0 10.0 10.0 10.0 10.0
10.0 10.0 10.0 10.0 10.0 10.0
10.0 10.0 10.0 10.0 10.0 10.0
10.0 10.0 10.0 10.0 10.0 10.0
10.0 10.0 10.0 10.0 10.0 10.0
10.0 10.0 10.0 10.0 10.0 10.0
10.0 10.0 10.0 10.0 10.0 10.0
10.0 10.0 10.0 10.0 10.0 10.0
10.0 10.0 10.0 10.0 10.0 10.0
10.0 10.0 10.0 10.0 10.0 10.0
10.0 10.0 10.0 10.0 10.0 10.0
10.0 10.0 10.0 10.0 10.0 10.0
10.0 10.0 10.0 10.0 10.0 10.0
10.0 10.0 10.0 10.0 10.0 10.0
10.0 10.0 10.0 10.0 10.0 10.0
10.0 10.0 10.0 10.0 10.0 10.0
10.0 10.0 10.0 10.0 10.0 10.0
10.0 10.0 10.0 10.0 10.0 10.0
10.0 10.0 10.0 10.0 10.0 10.0
10.0 10.0 10.0 10.0 10.0 10.0
10.0 10.0 10.0 10.0 10.0 10.0
10.0 10.0 10.0 10.0 10.0 10.0
10.0 10.0 10.0 10.0 10.0 10.0
10.0 10.0 10.0 10.0 10.0 10.0
10.0 10.0 10.0 10.0 10.0 10.0
10.0 10.0 10.0 10.0 10.0 10.0
10.0 10.0 10.0 10.0 10.0 10.0
10.0 10.0 10.0 10.0 10.0 10.0
10.0 10.0 10.0 10.0 10.0 10.0
10.0 10.0 10.0 10.0 10.0 10.0
10.0 10.0 10.0 10.0 10.0 10.0
10.0 10.0 10.0 10.0 10.0 10.0
10.0 10.0 10.0 10.0 10.0 10.0
10.0 10.0 10.0 10.0 10.0 10.0
10.0 10.0 10.0 10.0 10.0 10.0
10.0 10.0 10.0 10.0 10.0 10.0
10.0 10.0 10.0 10.0 10.0 10.0
10.0 10.0 10.0 10.0 10.0 10.0
10.0 10.0 10.0 10.0 10.0 10.0
10.0 10.0 10.0 10.0 10.0 10.0
10.0 10.0 10.0 10.0 10.0 10.0
10.0 10.0 10.0 10.0 10.0 10.0
10.0 10.0 10.0 10.0 10.0 10.0
10.0 10.0 10.0 10.0 10.0 10.0
10.0 10.0 10.0 10.0 10.0 10.0
10.0 10.0 10.0 10.0 10.0 10.0
10.0 10.0 10.0 10.0 10.0 10.0
10.0 10.0 10.0 10.0 10.0 10.0
10.0 10.0 10.0 10.0 10.0 10.0
10.0 10.0 10.0 10.0 10.0 10.0
10.0 10.0 10.0 10.0 10.0 10.0
10.0 10.0 10.0 10.0 10.0 10.0
10.0 10.0 10.0 10.0 10.0 10.0
10.0 10.0 10.0 10.0 10.0 10.0
10.0 10.0 10.0 10.0 10.0 10.0
10.0 10.0 10.0 10.0 10.0 10.0
10.0 10.0 10.0 10.0 10.0 10.0
10.0 10.0 10.0 10.0 10.0 10.0
10.0 10.0 10.0 10.0 10.0 10.0
10.0 10.0 10.0 10.0 10.0 10.0
10.0 10.0 10.0 10.0 10.0 10.0
10.0 10.0 10.0 10.0 10.0 10.0
10.0 10.0 10.0 10.0 10.0 10.0
10.0 10.0 10.0 10.0 10.0 10.0
10.0 10.0 10.0 10.0 10.0 10.0
10.0 10.0 10.0 10.0 10.0 10.0
10.0 10.0 10.0 10.0 10.0 10.0
10.0 10.0 10.0 10.0 10.0 10.0
10.0 10.0 10.0 10.0 10.0 10.0
10.0 10.0 10.0 10.0 10.0 10.0
10.0 10.0 10.0 10.0 10.0 10.0
10.0 10.0 10.0 10.0 10.0 10.0
10.0 10.0 10.0 10.0 10.0 10.0
10.0 10.0 10.0 10.0 10.0 10.0
10.0 10.0 10.0 10.0 10.0 10.0
10.0 10.0 10.0 10.0 10.0 10.0
10.0 10.0 10.0 10.0 10.0 10.0
10.0 10.0 10.0 10.0 10.0 10.0
10.0 10.0 10.0 10.0 10.0 10.0
10.0 10.0 10.0 10.0 10.0 10.0
10.0 10.0 10.0 10.0 10.0 10.0
10.0 10.0 10.0 10.0 10.0 10.0
10.0 10.0 10.0 10.0 10.0 10.0
10.0 10.0 10.0 10.0 10.0 10.0
10.0 10.0 10.0 10.0 10.0 10.0
10.0 10.0 10.0 10.0 10.0 10.0
10.0 10.0 10.0 10.0 10.0 10.0
10.0 10.0 10.0 10.0 10.0 10.0
10.0 10.0 10.0 10.0 10.0 10.0
10.0 10.0 10.0 10.0 10.0 10.0
10.0 10.0 10.0 10.0 10.0 10.0
10.0 10.0 10.0 10.0 10.0 10.0
10.0 10.0 10.0 10.0 10.0 10.0
10.0 10.0 10.0 10.0 10.0 10.0
10.0 10.0 10.0 10.0 10.0 10.0
10.0 10.0 10.0 10.0 10.0 10.0
10.0 10.0 10.0 10.0 10.0 10.0
10.0 10.0 10.0 10.0 10.0 10.0
10.0 10.0 10.0 10.0 10.0 10.0
10.0 10.0 10.0 10.0 10.0 10.0
10.0 10.0 10.0 10.0 10.0 10.0
10.0 10.0 10.0 10.0 10.0 10.0
10.0 10.0 10.0 10.0 10.0 10.0
10.0 10.0 10.0 10.0 10.0 10.0
10.0 10.0 10.0 10.0 10.0 10.0
10.0 10.0 10.0 10.0 10.0 10.0
10.0 10.0 10.0 10.0 10.0 10.0
10.0 10.0 10.0 10.0 10.0 10.0
10.0 10.0 10.0 10.0 10.0 10.0
10.0 10.0 10.0 10.0 10.0 10.0
10.0 10.0 10.0 10.0 10.0 10.0
10.0 10.0 10.0 10.0 10.0 10.0
10.0 10.0 10.0 10.0 10.0 10.0
10.0 10.0 10.0 10.0 10.0 10.0
10.0 10.0 10.0 10.0 10.0 10.0
10.0 10.0 10.0 10.0 10.0 10.0
10.0 10.0 10.0 10.0 10.0 10.0
10.0 10.0 10.0 10.0 10.0 10.0
10.0 10.0 10.0 10.0 10.0 10.0
10.0 10.0 10.0 10.0 10.0 10.0
10.0 10.0 10.0 10.0 10.0 10.0
10.0 10.0 10.0 10.0 10.0 10.0
10.0 10.0 10.0 10.0 10.0 10.0
10.0 10.0 10.0 10.0 10.0 10.0
10.0 10.0 10.0 10.0 10.0 10.0
10.0 10.0 10.0 10.0 10.0 10.0
10.0 10.0 10.0 10.0 10.0 10.0
10.0 10.0 10.0 10.0 10.0 10.0
10.0 10.0 10.0 10.0 10.0 10.0
10.0 10.0 10.0 10.0 10.0 10.0
10.0 10.0 10.0 10.0 10.0 10.0
10.0 10.0 10.0 10.0 10.0 10.0
10.0 10.0 10.0 10.0 10.0 10.0
10.0 10.0 10.0 10.0 10.0 10.0
10.0 10.0 10.0 10.0 10.0 10.0
10.0 10.0 10.0 10.0 10.0 10.0
10.0 10.0 10.0 10.0 10.0 10.0
10.0 10.0 10.0 10.0 10.0 10.0
10.0 10.0 10.0 10.0 10.0 10.0
10.0 10.0 10.0 10.0 10.0 10.0
10.0 10.0 10.0 10.0 10.0 10.0
10.0 10.0 10.0 10.0 10.0 10.0
10.0 10.0 10.0 10.0 10.0 10.0
10.0 10.0 10.0 10.0 10.0 10.0
10.0 10.0 10.0 10.0 10.0 10.0
10.0 10.0 10.0 10.0 10.0 10.0
10.0 10.0 10.0 10.0 10.0 10.0
10.0 10.0 10.0 10.0 10.0 10.0
10.0 10.0 10.0 10.0 10.0 10.0
10.0 10.0 10.0 10.0 10.0 10.0
10.0 10.0 10.0 10.0 10.0 10.0
10.0 10.0 10.0 10.0 10.0 10.0
10.0 10.0 10.0 10.0 10.0 10.0
10.0 10.0 10.0 10.0 10.0 10.0
10.0 10.0 10.0 10.0 10.0 10.0
10.0 10.0 10.0 10.0 10.0 10.0
10.0 10.0 10.0 10.0 10.0 10.0
10.0 10.0 10.0 10.0 10.0 10.0
10.0 10.0 10.0 10.0 10.0 10.0
10.0 10.0 10.0 10.0 10.0 10.0
10.0 10.0 10.0 10.0 10.0 10.0
10.0 10.0 10.0 10.0 10.0 10.0
10.0 10.0 10.0 10.0 10.0 10.0
10.0 10.0 10.0 10.0 10.0 10.0
10.0 10.0 10.0 10.0 10.0 10.0
10.0 10.0 10.0 10.0 10.0 10.0
10.0 10.0 10.0 10.0 10.0 10.0
10.0 10.0 10.0 10.0 10.0 10.0
10.0 10.0 10.0 10.0 10.0 10.0
10.0 10.0 10.0 10.0 10.0 10.0
10.0 10.0 10.0 10.0 10.0 10.0
10.0 10.0 10.0 10.0 10.0 10.0
10.0 10.0 10.0 10.0 10.0 10.0
10.0 10.0 10.0 10.0 10.0 10.0
10.0 10.0 10.0 10.0 10.0 10.0
10.0 10.0 10.0 10.0 10.0 10.0
10.0 10.0 10.0 10.0 10.0 10.0
10.0 10.0 10.0 10.0 10.0 10.0
10.0 10.0 10.0 10.0 10.0 10.0
10.0 10.0 10.0 10.0 10.0 10.0
10.0 10.0 10.0 10.0 10.0 10.0
10.0 10.0 10.0 10.0 10.0 10.0
10.0 10.0 10.0 10.0 10.0 10.0
10.0 10.0 10.0 10.0 10.0 10.0
10.0 10.0 10.0 10.0 10.0 10.0
10.0 10.0 10.0 10.0 10.0 10.0
10.0 10.0 10.0 10.0 10.0 10.0
10.0 10.0 10.0 10.0 10.0 10.0
10.0 10.0 10.0 10.0 10.0 10.0
10.0 10.0 10.0 10.0 10.0 10.0
10.0 10.0 10.0 10.0 10.0 10.0
10.0 10.0 10.0 10.0 10.0 10.0
10.0 10.0 10.0 10.0 10.0 10.0
10.0 10.0 10.0 10.0 10.0 10.0
10.0 10.0 10.0 10.0 10.0 10.0
10.0 10.0 10.0 10.0 10.0 10.0
10.0 10.0 10.0 10.0 10.0 10.0
10.0 10.0 10.0 10.0 10.0 10.0
10.0 10.0 10.0 10.0 10.0 10.0
10.0 10.0 10.0 10.0 10.0 10.0
10.0 10.0 10.0 10.0 10.0 10.0
10.0 10.0 10.0 10.0 10.0 10.0
10.0 10.0 10.0 10.0 10.0 10.0
10.0 10.0 10.0 10.0 10.0 10.0
10.0 10.0 10.0 10.0 10.0 10.0
10.0 10.0 10.0 10.0 10.0 10.0
10.0 10.0 10.0 10.0 10.0 10.0
10.0 10.0 10.0 10.0 10.0 10.0
10.0 10.0 10.0 10.0 10.0 10.0
10.0 10.0 10.0 10.0 10.0 10.0
10.0 10.0 10.0 10.0 10.0 10.0
10.0 10.0 10.0 10.0 10.0 10.0
10.0 10.0 10.0 10.0 10.0 10.0
10.0 10.0 10.0 10.0 10.0 10.0
10.0 10.0 10.0 10.0 10.0 10.0
10.0 10.0 10.0 10.0 10.0 10.0
10.0 10.0 10.0 10.0 10.0 10.0
10.0 10.0 10.0 10.0 10.0 10.0
10.0 10.0 10.0 10.0 10.0 10.0
10.0 10.0 10.0 10.0 10.0 10.0
10.0 10.0 10.0 10.0 10.0 10.0
10.0 10.0 10.0 10.0 10.0 10.0
10.0 10.0 10.0 10.0 10.0 10.0
10.0 10.0 10.0 10.0 10.0 10.0
10.0 10.0 10.0 10.0 10.0 10.0
10.0 10.0 10.0 10.0 10.0 10.0
10.0 10.0 10.0 10.0 10.0 10.0
10.0 10.0 10.0 10.0 10.0 10.0
10.0 10.0 10.0 10.0 10.0 10.0
10.0 10.0 10.0 10.0 10.0 10.0
10.0 10.0 10.0 10.0 10.0 10.0
10.0 10.0 10.0 10.0 10.0 10.0
10.0 10.0 10.0 10.0 10.0 10.0
10.0 10.0 10.0 10.0 10.0 10.0
10.0 10.0 10.0 10.0 10.0 10.0
10.0 10.0 10.0 10.0 10.0 10.0
10.0 10.0 10.0 10.0 10.0 10.0
10.0 10.0 10.0 10.0 10.0 10.0
10.0 10.0 10.0 10.0 10.0 10.0
10.0 10.0 10.0 10.0 10.0 10.0
10.0 10.0 10.0 10.0 10.0 10.0
10.0 10.0 10.0 10.0 10.0 10.0
10.0 10.0 10.0 10.0 10.0 10.0
10.0 10.0 10.0 10.0 10.0 10.0
10.0 10.0 10.0 10.0 10.0 10.0
10.0 10.0 10.0 10.0 10.0 10.0
10.0 10.0 10.0 10.0 10.0 10.0
10.0 10.0 10.0 10.0 10.0 10.0
10.0 10.0 10.0 10.0 10.0 10.0
10.0 10.0 10.0 10.0 10.0 10.0
10.0 10.0 10.0 10.0 10.0 10.0
10.0 10.0 10.0 10.0 10.0 10.0
10.0 10.0 10.0 10.0 10.0 10.0
10.0 10.0 10.0 10.0 10.0 10.0
10.0 10.0 10.0 10.0 10.0 10.0
10.0 10.0 10.0 10.0 10.0 10.0
10.0 10.0 10.0 10.0 10.0 10.0
10.0 10.0 10.0 10.0 10.0 10.0
10.0 10.0 10.0 10.0 10.0 10.0
10.0 10.0 10.0 10.0 10.0 10.0
10.0 10.0 10.0 10.0 10.0 10.0
10.0 10.0 10.0 10.0 10.0 10.0
10.0 10.0 10.0 10.0 10.0 10.0
10.0 10.0 10.0 10.0 10.0 10.0
10.0 10.0 10.0 10.0 10.0 10.0
10.0 10.0 10.0 10.0 10.0 10.0
10.0 10.0 10.0 10.0 10.0 10.0
10.0 10.0 10.0 10.0 10.0 10.0
10.0 10.0 10.0 10.0 10.0 10.0
10.0 10.0 10.0 10.0 10.0 10.0
10.0 10.0 10.0 10.0 10.0 10.0
10.0 10.0 10.0 10.0 10.0 10.0
10.0 10.0 10.0 10.0 10.0 10.0
10.0 10.0 10.0 10.0 10.0 10.0
10.0 10.0 10.0 10.0 10.0 10.0
10.0 10.0 10.0 10.0 10.0 10.0
10.0 10.0 10.0 10.0 10.0 10.0
10.0 10.0 10.0 10.0 10.0 10.0
10.0 10.0 10.0 10.0 10.0 10.0
10.0 10.0 10.0 10.0 10.0 10.0
10.0 10.0 10.0 10.0 10.0 10.0
10.0 10.0 10.0 10.0 10.0 10.0
10.0 10.0 10.0 10.0 10.0 10.0
10.0 10.0 10.0 10.0 10.0 10.0
10.0 10.0 10.0 10.0 10.0 10.0
10.0 10.0 10.0 10.0 10.0 10.0
10.0 10.0 10.0 10.0 10.0 10.0
10.0 10.0 10.0 10.0 10.0 10.0
10.0 10.0 10.0 10.0 10.0 10.0
10.0 10.0 10.0 10.0 10.0 10.0
10.0 10.0 10.0 10.0 10.0 10.0
10.0 10.0 10.0 10.0 10.0 10.0
10.0 10.0 10.0 10.0 10.0 10.0
10.0 10.0 10.0 10.0 10.0 10.0
10.0 10.0 10.0 10.0 10.0 10.0
10.0 10.0 10.0 10.0 10.0 10.0
10.0 10.0 10.0 10.0 10.0 10.0
10.0 10.0 10.0 10.0 10.0 10.0
10.0 10.0 10.0 10.0 10.0 10.0
10.0 10.0 10.0 10.0 10.0 10.0
10.0 10.0 10.0 10.0 10.0 10.0
10.0 10.0 10.0 10.0 10.0 10.0
10.0 10.0 10.0 10.0 10.0 10.0
10.0 10.0 10.0 10.0 10.0 10.0
10.0 10.0 10.0 10.0 10.0 10.0
10.0 10.0 10.0 10.0 10.0 10.0
10.0 10.0 10.0 10.0 10.0 10.0
10.0 10.0 10.0 10.0 10.0 10.0
10.0 10.0 10.0 10.0 10.0 10.0
10.0 10.0 10.0 10.0 10.0 10.0
10.0 10.0 10.0 10.0 10.0 10.0
10.0 10.0 10.0 10.0 10.0 10.0
10.0 10.0 10.0 10.0 10.0 10.0
10.0 10.0 10.0 10.0 10.0 10.0
10.0 10.0 10.0 10.0 10.0 10.0
10.0 10.0 10.0 10.0 10.0 10.0
10.0 10.0 10.0 10.0 10.0 10.0
10.0 10.0 10.0 10.0 10.0 10.0
10.0 10.0 10.0 10.0 10.0 10.0
10.0 10.0 10.0 10.0 10.0 10.0
10.0 10.0 10.0 10.0 10.0 10.0
10.0 10.0 10.0 10.0 10.0 10.0
10.0 10.0 10.0 10.0 10.0 10.0
10.0 10.0 10.0 10.0 10.0 10.0
10.0 10.0 10.0 10.0 10.0 10.0
10.0 10.0 10.0 10.0 10.0 10.0
10.0 10.0 10.0 10.0 10.0 10.0
10.0 10.0 10.0 10.0 10.0 10.0
10.0 10.0 10.0 10.0 10.0 10.0
10.0 10.0 10.0 10.0 10.0 10.0
10.0 10.0 10.0 10.0 10.0 10.0
10.0 10.0 10.0 10.0 10.0 10.0
10.0 10.0 10.0 10.0 10.0 10.0
10.0 10.0 10.0 10.0 10.0 10.0
10.0 10.0 10.0 10.0 10.0 10.0
10.0 10.0 10.0 10.0 10.0 10.0
10.0 10.0 10.0 10.0 10.0 10.0
10.0 10.0 10.0 10.0 10.0 10.0
10.0 10.0 10.0 10.0 10.0 10.0
0 0 0 0 0 0
0 0 0 0 0 0
0 0 0 0 0 0
0 0 0 0 0 0
0 0 0 0 0 0
0 0 0 0 0 0
0 0 0 0 0 0
0 0 0 0 0 0
0 0 0 0 0 0
0 0 0 0 0 0
0 0 0 0 0 0
0 0 0 0 0 0
0 0 0 0 0 0
0 0 0 0 0 0
0 0 0 0 0 0
mind
31 38 8 1 13 44 17 46 33 14 33 18 47 50 34 50 53 44 45 11 45 5 40 32 26 25 28 32 18 54 38 59 10 56 8 7 41 50 27 11 7 16 27 53 33 0 58 2 18 15 1 15 46 0 0 0 0 0 0 0 0 0 0 0 43 43 9 58 2 49 23 33 56 21 33 30 58
maxd
62 76 16 2 26 88 34 92 66 28 66 36 94 100 68 100 106 88 90 22 90 10 80 64 52 50 56 64 36 108 76 118 20 112 16 14 82 100 54 22 14 32 54 106 66 0 116 4 36 30 2 30 92 0 0 0 0 0 0 0 0 0 0 0 86 86 18 116 4 98 46 66 112 42 66 60 116
e
0  287 172 194 464 426 5 334 131 122 201 71 183 427 0 68 10 138 295 257 177 228 125 168 476 361 442 380 87 195 320 289 332 397 169 427 230 466 63 289 433 324 11 270 477 21 38 292 322 53 75 205 125 232 77 143 312 419 100 27 71 419 291 147 206 298 165 213 257 344 198 169 196 418 270 355 0
l
600  407 292 314 584 546 125 454 251 242 321 191 303 547 120 188 130 258 415 377 297 348 245 288 596 481 562 500 207 315 440 409 452 517 289 547 350 586 183 409 553 444 131 390 597 141 158 412 442 173 195 325 245 352 197 263 432 539 220 147 191 539 411 267 326 418 285 333 377 464 318 289 316 538 390 475 1000
