nbNodes
77
nbVehi
15
nbServi
6
r
1 1 1 1 1 1
0 1 0 0 0 0
0 0 0 0 1 0
0 0 0 0 1 0
0 1 0 0 0 0
0 0 0 0 0 1
0 0 0 1 0 0
0 0 0 0 0 1
1 0 0 0 0 0
0 1 0 0 0 0
0 1 0 0 0 0
0 0 1 0 0 0
0 0 0 0 1 0
0 0 0 0 1 0
0 0 0 0 1 0
0 0 0 0 0 1
0 0 1 0 0 0
0 0 0 0 0 1
0 0 1 0 0 0
0 0 0 0 0 1
1 0 0 0 0 0
0 1 0 0 0 0
0 0 0 0 1 0
0 0 1 0 0 0
0 0 0 0 1 0
0 0 0 0 0 1
1 0 0 0 0 0
1 0 0 0 0 0
0 0 1 0 0 0
0 0 0 1 0 0
0 1 0 0 0 0
1 0 0 0 0 0
1 0 0 0 0 0
1 0 0 0 0 0
0 0 0 0 1 0
0 0 1 0 0 0
0 0 1 0 0 0
0 0 0 0 0 1
0 0 0 1 0 0
0 0 0 1 0 0
0 0 0 0 0 1
0 0 0 0 1 0
0 0 1 0 0 0
1 0 0 0 0 0
0 0 1 0 0 0
0 0 1 0 0 0
0 0 0 0 0 1
0 0 1 0 0 0
0 0 0 0 0 1
0 0 0 0 0 1
0 1 0 0 0 0
0 0 0 0 1 0
0 0 0 0 1 0
0 0 0 1 1 0
0 0 0 0 1 1
0 0 0 1 0 1
0 0 0 0 1 1
0 0 0 1 0 1
0 0 0 1 0 1
0 0 0 1 1 0
0 0 0 1 0 1
0 0 0 0 1 1
0 0 0 1 1 0
0 0 0 1 0 1
0 1 0 0 1 0
0 0 1 0 1 0
0 1 0 1 0 0
1 0 0 0 1 0
0 0 1 0 1 0
0 0 1 0 1 0
0 1 0 0 1 0
0 1 0 0 0 1
0 1 0 1 0 0
0 0 1 0 1 0
0 1 0 1 0 0
0 0 1 0 0 1
1 1 1 1 1 1
DS
76 75 74 73 72 71 70 69 68 67 66 65 64 63 62 61 60 59 58 57 56 55 54
a
1  1  0  0  0  0
0  1  0  0  0  0
1  1  1  0  0  0
1  1  1  0  0  0
1  0  1  0  0  0
0  0  0  0  1  1
0  0  0  1  0  1
0  0  0  0  1  0
0  0  0  1  1  1
0  0  0  1  1  1
0  0  0  1  0  1
0  0  0  1  1  1
0  0  0  1  0  1
0  0  0  0  1  1
0  0  0  1  0  1
x
89 48 59 73 13 46 26 95 11 39 91 6 1 62 93 26 66 50 3 15 52 10 4 84 5 98 48 18 60 42 46 76 99 59 70 38 0 39 46 76 42 78 79 98 71 21 78 46 53 72 25 35 47 85 77 66 23 39 47 89 98 58 13 26 69 71 59 21 19 42 8 87 2 98 36 0 89
y
8 41 49 23 4 37 30 5 14 41 40 42 2 31 24 14 47 26 13 13 9 0 24 47 36 16 24 49 33 1 16 32 48 12 32 44 36 23 0 6 13 28 16 30 31 32 9 49 19 48 15 39 12 14 35 15 23 33 1 8 9 19 22 2 16 33 31 15 43 35 27 39 1 23 49 0 8
d
0.0 52.63079 50.803543 21.931713 76.105194 51.86521 66.730804 6.708204 78.23043 59.908264 32.06244 89.693924 88.20431 35.468296 16.492422 63.28507 45.276924 42.953465 86.145226 74.168724 37.01351 79.40403 86.492775 39.319206 88.54378 12.0415945 44.011364 81.9878 38.28838 47.518417 43.737854 27.294687 41.231056 30.265491 30.610456 62.425957 93.30059 52.201534 43.737854 13.152946 47.26521 22.825424 12.806249 23.769728 29.206163 72.11102 11.045361 59.413803 37.64306 43.462627 64.381676 62.26556 42.190044 7.2111025 29.546574 24.04163 67.68308 55.9017 42.579338 0.0 9.055386 32.89377 77.27872 63.28507 21.540659 30.805843 37.802116 68.359344 78.26238 54.20332 83.198555 31.06445 87.28116 17.492855 67.00746 89.358826 0.0
52.63079 0.0 13.601471 30.805843 50.931328 4.472136 24.596748 59.20304 45.80393 9.0 43.011627 42.0119 61.073727 17.20465 48.104053 34.828148 18.973665 15.132746 53.0 43.27817 32.24903 55.9017 47.169907 36.496574 43.289722 55.9017 17.0 31.04835 14.422205 40.4475 25.079872 29.410883 51.47815 31.016125 23.769728 10.440307 48.259712 20.12461 41.04875 44.82187 28.635643 32.695564 39.824615 51.1957 25.079872 28.460499 43.863426 8.246211 22.561028 25.0 34.713108 13.152946 29.017237 45.80393 29.614185 31.622776 30.805843 12.0415945 40.012497 52.63079 59.36329 24.166092 39.824615 44.777225 32.649654 24.351591 14.866069 37.48333 29.068884 8.485281 42.379242 39.051247 60.959003 53.14132 14.422205 63.126858 52.63079
50.803543 13.601471 0.0 29.529646 64.3506 17.691807 38.078865 56.85068 59.405388 21.540659 33.24154 53.460266 74.65253 18.248287 42.201897 48.104053 7.28011 24.698177 66.573265 56.85068 40.60788 69.29646 60.41523 25.079872 55.542778 51.088158 27.313 41.0 16.03122 50.92151 35.468296 24.04163 40.012497 37.0 20.248457 21.587032 60.41523 32.80244 50.695168 46.238514 39.812057 28.319605 38.587563 43.382023 21.633308 41.62932 44.28318 13.0 30.594116 13.038404 48.08326 26.0 38.8973 43.60046 22.803509 34.713108 44.407207 25.612497 49.47727 50.803543 55.86591 30.016663 53.338543 57.428215 34.48188 20.0 18.0 50.990196 40.4475 22.022715 55.542778 29.732138 74.518456 46.872166 23.0 76.6942 50.803543
21.931713 30.805843 29.529646 0.0 62.936478 30.413813 47.518417 28.42534 62.649822 38.470768 24.758837 69.641945 75.0 13.601471 20.024984 47.853943 25.0 23.194826 70.71068 58.855755 25.23886 67.06713 69.00725 26.400757 69.2315 25.96151 25.019993 60.835846 16.40122 38.013157 27.89265 9.486833 36.069378 17.804493 9.486833 40.81666 74.1485 34.0 35.468296 17.262676 32.572994 7.071068 9.219544 25.96151 8.246211 52.773098 14.866069 37.48333 20.396078 25.019993 48.6621 41.231056 28.231188 15.0 12.649111 10.630146 50.0 35.44009 34.058773 21.931713 28.653097 15.524175 60.00833 51.47815 8.062258 10.198039 16.124516 52.611786 57.58472 33.24154 65.12296 21.260292 74.330345 25.0 45.221676 76.537575 21.931713
76.105194 50.931328 64.3506 62.936478 0.0 46.66905 29.068884 82.006096 10.198039 45.221676 85.90693 38.63936 12.165525 55.946404 82.46211 16.40122 68.24954 43.046486 13.453624 9.219544 39.319206 5.0 21.931713 83.00603 32.984844 85.84288 40.311287 45.276924 55.226807 29.15476 35.1141 68.942 96.60228 46.69047 63.505905 47.169907 34.539833 32.202484 33.24154 63.03174 30.364452 69.289246 67.08204 88.88757 63.97656 29.12044 65.192024 55.803226 42.72002 73.60027 16.27882 41.340054 34.928497 72.691124 71.11259 54.129475 21.470911 38.948685 34.132095 76.105194 85.146935 47.434166 18.0 13.152946 57.271286 64.84597 53.338543 13.601471 39.45884 42.44997 23.537205 81.859634 11.401754 87.09765 50.537113 13.601471 76.105194
51.86521 4.472136 17.691807 30.413813 46.66905 0.0 21.189621 58.5235 41.880783 8.062258 45.099888 40.311287 57.00877 17.088007 48.76474 30.479502 22.36068 11.7046995 49.24429 39.20459 28.635643 51.62364 43.965897 39.293766 41.01219 56.0803 13.152946 30.463093 14.56022 36.221542 21.0 30.413813 54.129475 28.178005 24.5153 10.630146 46.010868 15.652476 37.0 43.13931 24.33105 33.24154 39.115215 52.46904 25.70992 25.495098 42.520584 12.0 19.313208 28.231188 30.413813 11.18034 25.019993 45.276924 31.06445 29.732138 26.925823 8.062258 36.013885 51.86521 59.05929 21.633308 36.249138 40.311287 31.144823 25.317978 14.3178215 33.30165 27.658634 4.472136 39.293766 41.04875 56.85068 53.851646 15.6205 59.03389 51.86521
66.730804 24.596748 38.078865 47.518417 29.068884 21.189621 0.0 73.38937 21.931713 17.029387 65.76473 23.323807 37.536648 36.013885 67.26812 16.0 43.462627 24.33105 28.600698 20.248457 33.42155 34.0 22.803509 60.440052 21.84033 73.34848 22.803509 20.615528 34.132095 33.12099 24.41311 50.039986 75.18643 37.589893 44.04543 18.439089 26.683329 14.764823 36.05551 55.461697 23.345236 52.03845 54.81788 72.0 45.01111 5.3851647 56.0803 27.58623 29.15476 49.396355 15.033297 12.727922 27.658634 61.13101 51.24451 42.72002 7.615773 13.341664 35.805027 66.730804 75.0 33.83785 15.264338 28.0 45.221676 45.099888 33.01515 15.811388 14.764823 16.763054 18.248287 61.66036 37.64306 72.33948 21.470911 39.698868 66.730804
6.708204 59.20304 56.85068 28.42534 82.006096 58.5235 73.38937 0.0 84.48077 66.573265 35.22783 96.38464 94.04786 42.0119 19.104973 69.58448 51.0392 49.658836 92.34717 80.399 43.185646 85.146935 92.96236 43.416588 95.189285 11.401754 50.695168 88.68484 44.82187 53.15073 50.219517 33.01515 43.185646 36.67424 36.796738 69.065186 99.92998 58.821766 49.25444 19.026299 53.600372 28.600698 19.416489 25.179358 35.383614 78.77182 17.464249 65.8559 44.27189 48.76474 70.71068 68.96376 48.507732 13.453624 34.98571 30.675724 74.215904 62.609905 48.166378 6.708204 5.0 39.56008 83.74366 69.065186 28.231188 36.878178 44.407207 74.672615 84.97058 60.90156 89.73851 34.928497 93.08598 18.248287 73.60027 95.131485 6.708204
78.23043 45.80393 59.405388 62.649822 10.198039 41.880783 21.931713 84.48077 0.0 38.8973 84.118965 28.442924 15.6205 53.75872 82.607506 15.0 64.14047 40.804413 8.062258 4.1231055 41.303753 14.035668 12.206555 80.11242 22.803509 87.02299 38.327538 35.69314 52.554733 33.61547 35.057095 67.44627 94.33981 48.04165 61.68468 40.36087 24.596748 29.410883 37.696156 65.490456 31.016125 68.44706 68.0294 88.45903 62.361847 20.59126 67.18631 49.497475 42.296574 69.83552 14.035668 34.655445 36.05551 74.0 69.260376 55.00909 15.0 33.83785 38.27532 78.23043 87.14356 47.26521 8.246211 19.209373 58.034473 62.936478 50.92151 10.049875 30.083218 37.44329 13.341664 80.00625 15.811388 87.46428 43.011627 17.804493 78.23043
59.908264 9.0 21.540659 38.470768 45.221676 8.062258 17.029387 66.573265 38.8973 0.0 52.009613 33.01515 54.451813 25.079872 56.61272 29.966648 27.658634 18.601076 45.607018 36.878178 34.539833 50.219517 38.910152 45.39824 34.36568 64.07808 19.235384 22.472204 22.472204 40.112343 25.96151 38.078865 60.40695 35.22783 32.280025 3.1622777 39.319206 18.0 41.59327 50.931328 28.160255 41.109608 47.169907 60.016663 33.526108 20.12461 50.447994 10.630146 26.076809 33.734257 29.529646 4.472136 30.083218 53.338543 38.470768 37.48333 24.083189 8.0 40.792156 59.908264 67.11929 29.068884 32.202484 41.109608 39.051247 32.984844 22.36068 31.622776 20.09975 6.708204 34.0147 48.04165 54.48853 61.68468 8.5440035 56.586216 59.908264
32.06244 43.011627 33.24154 24.758837 85.90693 45.099888 65.76473 35.22783 84.118965 52.009613 0.0 85.02353 97.6934 30.364452 16.124516 70.00714 25.96151 43.32436 92.0489 80.65358 49.819675 90.33826 88.45903 9.899495 86.09297 25.0 45.88028 73.552704 31.780497 62.625874 51.0 17.0 11.313708 42.520584 22.472204 53.15073 91.08787 54.708317 60.207973 37.161808 55.946404 17.691807 26.832815 12.206555 21.931713 70.45566 33.61547 45.891174 43.416588 20.615528 70.5762 56.008926 52.153618 26.683329 14.866069 35.35534 70.0928 52.46904 58.796257 32.06244 31.780497 39.115215 80.04999 75.29276 32.55764 21.189621 33.24154 74.330345 72.06247 49.25444 84.0119 4.1231055 97.16995 18.384777 55.7315 99.40322 32.06244
89.693924 42.0119 53.460266 69.641945 38.63936 40.311287 23.323807 96.38464 28.442924 33.01515 85.02353 0.0 40.311287 57.070133 88.84256 34.4093 60.207973 46.818798 29.15476 30.364452 56.61272 42.190044 18.110771 78.160095 6.0827627 95.60335 45.694637 13.892444 54.74486 54.56189 47.707443 70.71068 93.193344 60.90156 64.77654 32.06244 8.485281 38.078865 58.0 78.714676 46.227695 73.34848 77.491936 92.779305 65.9242 18.027756 79.20227 40.60788 52.3259 66.27216 33.01515 29.15476 50.803543 83.81527 71.34424 65.795135 25.495098 34.20526 57.982758 89.693924 97.73945 56.859474 21.189621 44.72136 68.154236 65.62012 54.129475 30.88689 13.038404 36.67424 15.132746 81.055534 41.19466 93.941475 30.805843 42.426407 89.693924
88.20431 61.073727 74.65253 75.0 12.165525 57.00877 37.536648 94.04786 15.6205 54.451813 97.6934 40.311287 0.0 67.54258 94.59387 27.730848 79.05694 54.56189 11.18034 17.804493 51.47815 9.219544 22.203604 94.41398 34.234486 98.005104 51.894123 49.979996 66.64833 41.01219 47.127487 80.77747 108.25895 58.855755 75.23962 55.97321 34.0147 43.416588 45.044422 75.10659 42.44997 81.27115 79.24645 100.96039 75.76939 36.05551 77.31753 65.06919 54.708317 84.59905 27.294687 50.24938 47.07441 84.85281 82.85529 66.287254 30.413813 49.0408 46.010868 88.20431 97.25225 59.48109 23.323807 25.0 69.426216 76.55717 64.84597 23.853722 44.777225 52.63079 25.96151 93.62158 1.4142135 99.24717 58.60034 2.236068 88.20431
35.468296 17.20465 18.248287 13.601471 55.946404 17.088007 36.013885 42.0119 53.75872 25.079872 30.364452 57.070133 67.54258 0.0 31.780497 39.812057 16.492422 13.0 61.68468 50.32892 24.166092 60.53924 58.420887 27.202942 57.21888 39.0 15.652476 47.539455 2.828427 36.05551 21.931713 14.035668 40.718548 19.235384 8.062258 27.294687 62.201286 24.351591 34.88553 28.653097 26.907248 16.27882 22.671568 36.013885 9.0 41.01219 27.202942 24.083189 15.0 19.723083 40.311287 28.160255 24.207438 28.600698 15.524175 16.492422 39.812057 23.086792 33.54102 35.468296 42.190044 12.649111 49.819675 46.227695 16.552946 9.219544 3.0 44.011364 44.64303 20.396078 54.147945 26.24881 67.08204 36.878178 31.622776 69.31811 35.468296
16.492422 48.104053 42.201897 20.024984 82.46211 48.76474 67.26812 19.104973 82.607506 56.61272 16.124516 88.84256 94.59387 31.780497 0.0 67.74216 35.468296 43.046486 90.66973 78.77182 43.65776 86.40023 89.0 24.698177 88.814415 9.433981 45.0 79.05694 34.20526 55.946404 47.67599 18.788294 24.738634 36.05551 24.351591 58.5235 93.770996 54.00926 52.773098 24.758837 52.17279 15.524175 16.124516 7.81025 23.086792 72.443085 21.213203 53.235325 40.311287 31.890438 68.593 59.908264 47.539455 12.806249 19.416489 28.460499 70.00714 54.74486 51.42956 16.492422 15.811388 35.35534 80.024994 70.5195 25.298222 23.769728 34.713108 72.56032 76.40026 52.17279 85.052925 16.155495 93.8616 5.0990195 62.241467 96.04687 16.492422
63.28507 34.828148 48.104053 47.853943 16.40122 30.479502 16.0 69.58448 15.0 29.966648 70.00714 34.4093 27.730848 39.812057 67.74216 0.0 51.855568 26.832815 23.021729 11.045361 26.476404 21.260292 24.166092 66.730804 30.413813 72.02777 24.166092 35.902645 38.948685 20.615528 20.09975 53.14132 80.529495 33.06055 47.539455 32.31099 34.058773 15.811388 24.41311 50.635956 16.03122 53.851646 53.037724 73.756355 48.104053 18.681541 52.23983 40.311287 27.45906 57.201397 1.4142135 26.57066 21.095022 59.0 55.154327 40.012497 9.486833 23.021729 24.698177 63.28507 72.1734 32.38827 15.264338 12.0 43.046486 48.8467 37.12142 5.0990195 29.832869 26.400757 22.203604 65.9242 27.294687 72.56032 36.40055 29.529646 63.28507
45.276924 18.973665 7.28011 25.0 68.24954 22.36068 43.462627 51.0392 64.14047 27.658634 25.96151 60.207973 79.05694 16.492422 35.468296 51.855568 0.0 26.400757 71.5891 61.294373 40.496914 73.109505 66.12866 18.0 61.983868 44.553337 29.206163 48.04165 15.231546 51.884487 36.891735 18.027756 33.01515 35.69314 15.524175 28.160255 66.910385 36.124783 51.078373 42.201897 41.617306 22.472204 33.61547 36.23534 16.763054 47.434166 39.849716 20.09975 30.870699 6.0827627 52.009613 32.01562 39.824615 38.078865 16.27882 32.0 49.24429 30.413813 49.76947 45.276924 49.67897 29.12044 58.60034 60.207973 31.144823 14.866069 17.464249 55.21775 47.169907 26.832815 61.351448 22.472204 78.81624 40.0 30.066593 81.02469 45.276924
42.953465 15.132746 24.698177 23.194826 43.046486 11.7046995 24.33105 49.658836 40.804413 18.601076 43.32436 46.818798 54.56189 13.0 43.046486 26.832815 26.400757 0.0 48.76474 37.336308 17.117243 47.707443 46.043457 39.962482 46.09772 49.0306 2.828427 39.40812 12.206555 26.24881 10.770329 26.683329 53.712196 16.643316 20.880613 21.633308 50.990196 11.401754 26.305893 32.80244 15.264338 28.071337 30.675724 48.166378 21.587032 29.614185 32.75668 23.345236 7.615773 31.112698 27.313 19.849434 14.3178215 37.0 28.460499 19.416489 27.166155 13.038404 25.179358 42.953465 50.92151 10.630146 37.215588 33.941124 21.470911 22.135944 10.29563 31.016125 35.35534 12.0415945 42.0119 39.217342 54.120235 48.09366 26.925823 56.35601 42.953465
86.145226 53.0 66.573265 70.71068 13.453624 49.24429 28.600698 92.34717 8.062258 45.607018 92.0489 29.15476 11.18034 61.68468 90.66973 23.021729 71.5891 48.76474 0.0 12.0 49.162994 14.764823 11.045361 87.84646 23.086792 95.047356 46.32494 39.0 60.40695 40.804413 43.104523 75.43209 102.18121 56.008926 69.641945 46.75468 23.194826 37.363083 44.922153 73.33485 39.0 76.48529 76.05919 96.50906 70.34202 26.172504 75.10659 56.0803 50.358715 77.36925 22.090721 41.231056 44.011364 82.006096 77.201035 63.03174 22.36068 41.18252 45.607018 86.145226 95.084175 55.326305 13.453624 25.495098 66.068146 70.88018 58.821766 18.110771 34.0 44.777225 14.866069 87.93179 12.0415945 95.524864 48.83646 13.341664 86.145226
74.168724 43.27817 56.85068 58.855755 9.219544 39.20459 20.248457 80.399 4.1231055 36.878178 80.65358 30.364452 17.804493 50.32892 78.77182 11.045361 61.294373 37.336308 12.0 0.0 37.215588 13.928389 15.556349 76.922035 25.079872 83.0542 34.785053 36.124783 49.24429 29.546574 31.144823 63.89053 91.0 44.011364 58.189346 38.600517 27.45906 26.0 33.61547 61.400326 27.0 64.7611 64.070274 84.723076 58.821766 19.924858 63.126858 47.507893 38.470768 66.88796 10.198039 32.80244 32.01562 70.00714 65.78754 51.0392 12.806249 31.241 34.176014 74.168724 83.09633 43.416588 9.219544 15.556349 54.08327 59.464275 47.539455 6.3245554 30.265491 34.828148 15.652476 76.55064 17.691807 83.60024 41.677334 19.849434 74.168724
37.01351 32.24903 40.60788 25.23886 39.319206 28.635643 33.42155 43.185646 41.303753 34.539833 49.819675 56.61272 51.47815 24.166092 43.65776 26.476404 40.496914 17.117243 49.162994 37.215588 0.0 42.953465 50.289165 49.67897 54.20332 46.52956 15.524175 52.49762 25.298222 12.806249 9.219544 33.24154 61.073727 7.615773 29.206163 37.696156 58.59181 19.104973 10.816654 24.186773 10.770329 32.202484 27.89265 50.566788 29.068884 38.600517 26.0 40.4475 10.049875 43.829212 27.658634 34.48188 5.8309517 33.37664 36.069378 15.231546 32.202484 27.294687 9.433981 37.01351 46.0 11.661903 41.109608 26.925823 18.384777 30.610456 23.086792 31.575306 47.38143 27.856777 47.539455 46.09772 50.635956 48.08326 43.081318 52.773098 37.01351
79.40403 55.9017 69.29646 67.06713 5.0 51.62364 34.0 85.146935 14.035668 50.219517 90.33826 42.190044 9.219544 60.53924 86.40023 21.260292 73.109505 47.707443 14.764823 13.928389 42.953465 0.0 24.738634 87.66413 36.345562 89.44272 44.94441 49.648766 59.908264 32.01562 39.39543 73.34848 101.118744 50.447994 68.0 52.153618 37.363083 37.01351 36.0 66.27216 34.539833 73.53911 70.83079 92.973114 68.42514 33.83785 68.593 60.80296 47.010635 78.40918 21.213203 46.32494 38.8973 76.29548 75.591 57.974133 26.41969 43.931767 37.01351 79.40403 88.45903 51.62364 22.203604 16.124516 61.13101 69.354164 57.982758 18.601076 43.931767 47.423622 27.073973 86.313385 8.062258 90.95603 55.470715 10.0 79.40403
86.492775 47.169907 60.41523 69.00725 21.931713 43.965897 22.803509 92.96236 12.206555 38.910152 88.45903 18.110771 22.203604 58.420887 89.0 24.166092 66.12866 46.043457 11.045361 15.556349 50.289165 24.738634 0.0 83.240616 12.0415945 94.33981 44.0 28.653097 56.718605 44.418465 42.755116 72.443085 97.984695 56.293873 66.48308 39.446167 12.649111 35.014282 48.373547 74.215904 39.56008 74.10803 75.42546 94.19129 67.36468 18.788294 75.50497 48.8774 49.25444 72.11102 22.847319 34.43835 44.64303 81.61495 73.82411 62.649822 19.026299 36.138622 48.76474 86.492775 95.189285 54.230988 9.219544 31.112698 65.490456 67.601776 55.443665 19.235384 24.207438 39.56008 5.0 84.34453 23.086792 94.00532 40.60788 24.33105 86.492775
39.319206 36.496574 25.079872 26.400757 83.00603 39.293766 60.440052 43.416588 80.11242 45.39824 9.899495 78.160095 94.41398 27.202942 24.698177 66.730804 18.0 39.962482 87.84646 76.922035 49.67897 87.66413 83.240616 0.0 79.762146 34.0147 42.72002 66.0303 27.784887 62.289646 49.0408 17.0 15.033297 43.011627 20.518284 46.09772 84.71718 51.0 60.440052 41.773197 54.037025 19.924858 31.400637 22.022715 20.615528 64.7611 38.470768 38.052597 41.773197 12.0415945 67.11929 49.648766 50.931328 33.01515 13.892444 36.71512 65.551506 47.127487 59.03389 39.319206 40.496914 38.209946 75.272835 73.409805 34.43835 19.104973 29.681644 70.66116 65.12296 43.68066 78.58753 8.5440035 94.02127 27.784887 48.04165 96.25487 39.319206
88.54378 43.289722 55.542778 69.2315 32.984844 41.01219 21.84033 95.189285 22.803509 34.36568 86.09297 6.0827627 34.234486 57.21888 88.814415 30.413813 61.983868 46.09772 23.086792 25.079872 54.20332 36.345562 12.0415945 79.762146 0.0 95.12623 44.64303 18.384777 55.081757 50.931328 45.617977 71.11259 94.76286 59.093147 65.12296 33.955853 5.0 36.40055 54.56189 77.07788 43.56604 73.43705 76.655075 93.193344 66.189125 16.492422 77.83315 43.011627 50.92151 68.06615 29.0 30.149628 48.373547 82.96987 72.00694 64.513565 22.203604 34.132095 54.67175 88.54378 96.84007 55.65968 16.124516 39.962482 67.052216 66.068146 54.230988 26.400757 15.652476 37.01351 9.486833 82.05486 35.128338 93.904205 33.61547 36.345562 88.54378
12.0415945 55.9017 51.088158 25.96151 85.84288 56.0803 73.34848 11.401754 87.02299 64.07808 25.0 95.60335 98.005104 39.0 9.433981 72.02777 44.553337 49.0306 95.047356 83.0542 46.52956 89.44272 94.33981 34.0147 95.12623 0.0 50.635956 86.53901 41.62932 57.974133 52.0 27.202942 32.01562 39.20459 32.24903 66.211784 100.02 59.413803 54.405884 24.166092 56.0803 23.323807 19.0 14.0 30.88689 78.64477 21.189621 61.587337 45.099888 41.231056 73.00685 67.06713 51.156624 13.152946 28.319605 32.01562 75.32596 61.400326 53.160137 12.0415945 7.0 40.112343 85.2115 73.34848 29.0 31.906113 41.785164 77.00649 83.48653 59.135437 90.66973 25.495098 97.16481 7.0 70.23532 99.29753 12.0415945
44.011364 17.0 27.313 25.019993 40.311287 13.152946 22.803509 50.695168 38.327538 19.235384 45.88028 45.694637 51.894123 15.652476 45.0 24.166092 29.206163 2.828427 46.32494 34.785053 15.524175 44.94441 44.0 42.72002 44.64303 50.635956 0.0 39.051247 15.0 23.769728 8.246211 29.12044 56.364883 16.27882 23.409399 22.36068 49.47727 9.055386 24.083189 33.286633 12.529964 30.265491 32.01562 50.358715 24.04163 28.160255 33.54102 25.079872 7.071068 33.941124 24.698177 19.849434 12.0415945 38.327538 31.016125 20.12461 25.019993 12.727922 23.021729 44.011364 52.201534 11.18034 35.057095 31.112698 22.472204 24.698177 13.038404 28.460499 34.669872 12.529964 40.112343 41.785164 51.42956 50.01 27.730848 53.66563 44.011364
81.9878 31.04835 41.0 60.835846 45.276924 30.463093 20.615528 88.68484 35.69314 22.472204 73.552704 13.892444 49.979996 47.539455 79.05694 35.902645 48.04165 39.40812 39.0 36.124783 52.49762 49.648766 28.653097 66.0303 18.384777 86.53901 39.051247 0.0 44.94441 53.66563 43.27817 60.440052 81.00617 55.226807 54.708317 20.615528 22.203604 33.42155 56.435802 72.20111 43.266617 63.56886 69.354164 82.2253 55.97321 17.262676 72.11102 28.0 46.09772 54.00926 34.713108 19.723083 47.010635 75.591 60.63827 58.821766 26.476404 26.400757 56.0803 81.9878 89.44272 50.0 27.45906 47.67599 60.74537 55.362442 44.777225 34.132095 6.0827627 27.784887 24.166092 69.72087 50.596443 84.118965 18.0 52.201534 81.9878
38.28838 14.422205 16.03122 16.40122 55.226807 14.56022 34.132095 44.82187 52.554733 22.472204 31.780497 54.74486 66.64833 2.828427 34.20526 38.948685 15.231546 12.206555 60.40695 49.24429 25.298222 59.908264 56.718605 27.784887 55.081757 41.62932 15.0 44.94441 0.0 36.71512 22.022715 16.03122 41.785164 21.023796 10.049875 24.596748 60.074955 23.259407 35.846897 31.38471 26.907248 18.681541 25.495098 38.118237 11.18034 39.012817 30.0 21.260292 15.652476 19.209373 39.357338 25.70992 24.698177 31.400637 17.117243 18.973665 38.327538 21.0 34.539833 38.28838 44.94441 14.142136 48.270073 46.010868 19.235384 11.0 2.236068 42.953465 42.201897 18.110771 52.34501 27.658634 66.24198 39.293766 28.84441 68.47627 38.28838
47.518417 40.4475 50.92151 38.013157 29.15476 36.221542 33.12099 53.15073 33.61547 40.112343 62.625874 54.56189 41.01219 36.05551 55.946404 20.615528 51.884487 26.24881 40.804413 29.546574 12.806249 32.01562 44.418465 62.289646 50.931328 57.974133 23.769728 53.66563 36.71512 0.0 15.524175 46.010868 73.87828 20.248457 41.773197 43.185646 54.67175 22.203604 4.1231055 34.36568 12.0 45.0 39.92493 63.06346 41.725292 37.44329 36.878178 48.166378 21.095022 55.758408 22.022715 38.63936 12.083046 44.922153 48.79549 27.784887 29.068884 32.140316 5.0 47.518417 56.568542 24.083189 35.805027 16.03122 30.88689 43.185646 34.48188 25.23886 47.88528 34.0 42.80187 58.898216 40.0 60.166435 48.373547 42.0119 47.518417
43.737854 25.079872 35.468296 27.89265 35.1141 21.0 24.41311 50.219517 35.057095 25.96151 51.0 47.707443 47.127487 21.931713 47.67599 20.09975 36.891735 10.770329 43.104523 31.144823 9.219544 39.39543 42.755116 49.0408 45.617977 52.0 8.246211 43.27817 22.022715 15.524175 0.0 34.0 61.91123 13.601471 28.84441 29.12044 50.159744 9.899495 16.0 31.622776 5.0 34.176014 33.0 53.851646 29.15476 29.681644 32.75668 33.0 7.615773 41.231056 21.023796 25.495098 4.1231055 39.051247 36.359318 20.024984 24.04163 18.384777 15.033297 43.737854 52.46904 12.369317 33.54102 24.41311 23.0 30.232433 19.849434 25.019993 38.183765 19.416489 39.56008 47.010635 46.486557 52.46904 34.48188 48.703182 43.737854
27.294687 29.410883 24.04163 9.486833 68.942 30.413813 50.039986 33.01515 67.44627 38.078865 17.0 70.71068 80.77747 14.035668 18.788294 53.14132 18.027756 26.683329 75.43209 63.89053 33.24154 73.34848 72.443085 17.0 71.11259 27.202942 29.12044 60.440052 16.03122 46.010868 34.0 0.0 28.01785 26.24881 6.0 39.849716 76.105194 38.078865 43.863426 26.0 38.948685 4.472136 16.27882 22.090721 5.0990195 55.0 23.086792 34.48188 26.41969 16.492422 53.75872 41.59327 35.22783 20.12461 3.1622777 19.723083 53.75872 37.01351 42.44997 27.294687 31.827662 22.203604 63.788715 58.30952 17.464249 5.0990195 17.029387 57.567352 58.0517 34.132095 68.18358 13.038404 80.23092 23.769728 43.462627 82.46211 27.294687
41.231056 51.47815 40.012497 36.069378 96.60228 54.129475 75.18643 43.185646 94.33981 60.40695 11.313708 93.193344 108.25895 40.718548 24.738634 80.529495 33.01515 53.712196 102.18121 91.0 61.073727 101.118744 97.984695 15.033297 94.76286 32.01562 56.364883 81.00617 41.785164 73.87828 61.91123 28.01785 0.0 53.814495 33.12099 61.13101 99.724625 65.0 71.50524 47.88528 66.88796 29.0 37.735924 18.027756 32.75668 79.624115 44.294468 53.009434 54.378304 27.0 81.02469 64.629715 63.245552 36.769554 25.553865 46.66905 80.00625 61.846584 70.0928 41.231056 39.012817 50.219517 89.84431 86.28442 43.863426 31.764761 43.462627 84.693565 80.1561 58.463665 93.39165 15.0 107.78683 25.019993 63.007935 110.02273 41.231056
30.265491 31.016125 37.0 17.804493 46.69047 28.178005 37.589893 36.67424 48.04165 35.22783 42.520584 60.90156 58.855755 19.235384 36.05551 33.06055 35.69314 16.643316 56.008926 44.011364 7.615773 50.447994 56.293873 43.011627 59.093147 39.20459 16.27882 55.226807 21.023796 20.248457 13.601471 26.24881 53.814495 0.0 22.825424 38.27532 63.694584 22.825424 17.691807 18.027756 17.029387 24.839485 20.396078 42.953465 22.472204 42.941822 19.235384 39.217342 9.219544 38.27532 34.132095 36.124783 12.0 26.076809 29.206163 7.615773 37.64306 29.0 16.27882 30.265491 39.115215 7.071068 47.07441 34.48188 10.770329 24.186773 19.0 38.118237 50.606323 28.600698 53.160137 38.8973 58.0517 40.5216 43.56604 60.207973 30.265491
30.610456 23.769728 20.248457 9.486833 63.505905 24.5153 44.04543 36.796738 61.68468 32.280025 22.472204 64.77654 75.23962 8.062258 24.351591 47.539455 15.524175 20.880613 69.641945 58.189346 29.206163 68.0 66.48308 20.518284 65.12296 32.24903 23.409399 54.708317 10.049875 41.773197 28.84441 6.0 33.12099 22.825424 0.0 34.176014 70.11419 32.280025 40.0 26.683329 33.83785 8.944272 18.35756 28.071337 1.4142135 49.0 24.351591 29.410883 21.400934 16.124516 48.104053 35.69314 30.479502 23.43075 7.615773 17.464249 47.853943 31.016125 38.600517 30.610456 36.23534 17.691807 57.870544 53.25411 16.03122 1.4142135 11.045361 51.86521 52.17279 28.160255 62.201286 18.384777 74.73286 29.410883 38.013157 76.96753 30.610456
62.425957 10.440307 21.587032 40.81666 47.169907 10.630146 18.439089 69.065186 40.36087 3.1622777 53.15073 32.06244 55.97321 27.294687 58.5235 32.31099 28.160255 21.633308 46.75468 38.600517 37.696156 52.153618 39.446167 46.09772 33.955853 66.211784 22.36068 20.615528 24.596748 43.185646 29.12044 39.849716 61.13101 38.27532 34.176014 0.0 38.832977 21.023796 44.72136 53.740116 31.257 43.081318 49.648766 61.611687 35.468296 20.808653 53.15073 9.433981 29.15476 34.234486 31.780497 5.8309517 33.24154 55.758408 40.024994 40.311287 25.806976 11.045361 43.931767 62.425957 69.46222 32.01562 33.30165 43.68066 41.773197 34.785053 24.698177 33.61547 19.026299 9.848858 34.48188 49.25444 56.0803 63.56886 5.3851647 58.137768 62.425957
93.30059 48.259712 60.41523 74.1485 34.539833 46.010868 26.683329 99.92998 24.596748 39.319206 91.08787 8.485281 34.0147 62.201286 93.770996 34.058773 66.910385 50.990196 23.194826 27.45906 58.59181 37.363083 12.649111 84.71718 5.0 100.02 49.47727 22.203604 60.074955 54.67175 50.159744 76.105194 99.724625 63.694584 70.11419 38.832977 0.0 41.109608 58.412327 81.706795 47.88528 78.40918 81.49233 98.1835 71.17584 21.377558 82.5409 47.801674 55.65968 72.99315 32.649654 35.128338 52.773098 87.80091 77.00649 69.260376 26.41969 39.115215 58.60034 93.30059 101.65137 60.440052 19.104973 42.80187 71.8401 71.063354 59.211487 29.698484 20.248457 42.0119 12.0415945 87.05171 35.057095 98.85848 38.27532 36.0 93.30059
52.201534 20.12461 32.80244 34.0 32.202484 15.652476 14.764823 58.821766 29.410883 18.0 54.708317 38.078865 43.416588 24.351591 54.00926 15.811388 36.124783 11.401754 37.363083 26.0 19.104973 37.01351 35.014282 51.0 36.40055 59.413803 9.055386 33.42155 23.259407 22.203604 9.899495 38.078865 65.0 22.825424 32.280025 21.023796 41.109608 0.0 24.04163 40.718548 10.440307 39.319206 40.60788 59.413803 32.984844 20.12461 41.4367 26.925823 14.56022 41.400482 16.124516 16.492422 13.601471 46.872166 39.849716 28.160255 16.0 10.0 23.409399 52.201534 60.63827 19.416489 26.019224 24.698177 30.805843 33.526108 21.540659 19.697716 28.284271 12.369317 31.257 50.596443 43.046486 59.0 26.172504 45.276924 52.201534
43.737854 41.04875 50.695168 35.468296 33.24154 37.0 36.05551 49.25444 37.696156 41.59327 60.207973 58.0 45.044422 34.88553 52.773098 24.41311 51.078373 26.305893 44.922153 33.61547 10.816654 36.0 48.373547 60.440052 54.56189 54.405884 24.083189 56.435802 35.846897 4.1231055 16.0 43.863426 71.50524 17.691807 40.0 44.72136 58.412327 24.04163 0.0 30.594116 13.601471 42.520584 36.67424 60.033325 39.824615 40.60788 33.24154 49.0 20.248457 54.589375 25.806976 40.5216 12.0415945 41.4367 46.75468 25.0 32.526913 33.734257 1.4142135 43.737854 52.773098 22.472204 39.661064 20.09975 28.01785 41.400482 33.61547 29.15476 50.77401 35.22783 46.615448 56.586216 44.011364 56.859474 50.01 46.0 43.737854
13.152946 44.82187 46.238514 17.262676 63.03174 43.13931 55.461697 19.026299 65.490456 50.931328 37.161808 78.714676 75.10659 28.653097 24.758837 50.635956 42.201897 32.80244 73.33485 61.400326 24.186773 66.27216 74.215904 41.773197 77.07788 24.166092 33.286633 72.20111 31.38471 34.36568 31.622776 26.0 47.88528 18.027756 26.683329 53.740116 81.706795 40.718548 30.594116 0.0 34.713108 22.090721 10.440307 32.55764 25.495098 60.835846 3.6055512 52.43091 26.41969 42.190044 51.78803 52.63079 29.614185 12.0415945 29.017237 13.453624 55.65968 45.80393 29.427877 13.152946 22.203604 22.203604 65.0 50.159744 12.206555 27.45906 30.232433 55.7315 67.95587 44.687805 71.168816 34.785053 74.168724 27.802877 58.728188 76.23647 13.152946
47.26521 28.635643 39.812057 32.572994 30.364452 24.33105 23.345236 53.600372 31.016125 28.160255 55.946404 46.227695 42.44997 26.907248 52.17279 16.03122 41.617306 15.264338 39.0 27.0 10.770329 34.539833 39.56008 54.037025 43.56604 56.0803 12.529964 43.266617 26.907248 12.0 5.0 38.948685 66.88796 17.029387 33.83785 31.257 47.88528 10.440307 13.601471 34.713108 0.0 39.0 37.12142 58.5235 34.132095 28.319605 36.221542 36.221542 12.529964 46.09772 17.117243 26.925823 5.0990195 43.011627 41.340054 24.083189 21.470911 20.22375 13.0 47.26521 56.142673 17.088007 30.364452 19.416489 27.166155 35.22783 24.758837 21.095022 37.802116 22.0 36.769554 51.971146 41.761227 56.88585 36.496574 43.965897 47.26521
22.825424 32.695564 28.319605 7.071068 69.289246 33.24154 52.03845 28.600698 68.44706 41.109608 17.691807 73.34848 81.27115 16.27882 15.524175 53.851646 22.472204 28.071337 76.48529 64.7611 32.202484 73.53911 74.10803 19.924858 73.43705 23.323807 30.265491 63.56886 18.681541 45.0 34.176014 4.472136 29.0 24.839485 8.944272 43.081318 78.40918 39.319206 42.520584 22.090721 39.0 0.0 12.0415945 20.09975 7.615773 57.14018 19.0 38.27532 26.57066 20.880613 54.571056 44.38468 34.88553 15.652476 7.071068 17.691807 55.226807 39.319206 41.109608 22.825424 27.58623 21.931713 65.27634 58.137768 15.0 8.602325 19.235384 58.463665 60.876926 36.67424 70.00714 14.21267 80.65358 20.615528 46.957428 82.8734 22.825424
12.806249 39.824615 38.587563 9.219544 67.08204 39.115215 54.81788 19.416489 68.0294 47.169907 26.832815 77.491936 79.24645 22.671568 16.124516 53.037724 33.61547 30.675724 76.05919 64.070274 27.89265 70.83079 75.42546 31.400637 76.655075 19.0 32.01562 69.354164 25.495098 39.92493 33.0 16.27882 37.735924 20.396078 18.35756 49.648766 81.49233 40.60788 36.67424 10.440307 37.12142 12.0415945 0.0 23.600847 17.0 60.166435 7.071068 46.66905 26.172504 32.75668 54.00926 49.648766 32.24903 6.3245554 19.104973 13.038404 56.435802 43.462627 35.341194 12.806249 20.248457 21.213203 66.27216 54.81788 10.0 18.788294 25.0 58.00862 65.795135 41.59327 71.84706 24.351591 78.44743 20.248457 54.20332 80.60397 12.806249
23.769728 51.1957 43.382023 25.96151 88.88757 52.46904 72.0 25.179358 88.45903 60.016663 12.206555 92.779305 100.96039 36.013885 7.81025 73.756355 36.23534 48.166378 96.50906 84.723076 50.566788 92.973114 94.19129 22.022715 93.193344 14.0 50.358715 82.2253 38.118237 63.06346 53.851646 22.090721 18.027756 42.953465 28.071337 61.611687 98.1835 59.413803 60.033325 32.55764 58.5235 20.09975 23.600847 0.0 27.018513 77.02597 29.0 55.362442 46.32494 31.622776 74.52516 63.63961 54.08327 20.615528 21.587032 35.341194 75.32596 59.07622 58.66856 23.769728 21.0 41.484936 85.37564 77.25283 32.202484 27.166155 39.012817 78.44743 80.06248 56.22277 90.04999 14.21267 100.28459 7.0 64.84597 102.48902 23.769728
29.206163 25.079872 21.633308 8.246211 63.97656 25.70992 45.01111 35.383614 62.361847 33.526108 21.931713 65.9242 75.76939 9.0 23.086792 48.104053 16.763054 21.587032 70.34202 58.821766 29.068884 68.42514 67.36468 20.615528 66.189125 30.88689 24.04163 55.97321 11.18034 41.725292 29.15476 5.0990195 32.75668 22.472204 1.4142135 35.468296 71.17584 32.984844 39.824615 25.495098 34.132095 7.615773 17.0 27.018513 0.0 50.01 23.086792 30.805843 21.633308 17.029387 48.703182 36.878178 30.610456 22.022715 7.2111025 16.763054 48.6621 32.06244 38.418747 29.206163 34.828148 17.691807 58.694122 53.535034 15.132746 2.0 12.0 52.49762 53.366657 29.274563 63.126858 17.888544 75.23962 28.160255 39.357338 77.47257 29.206163
72.11102 28.460499 41.62932 52.773098 29.12044 25.495098 5.3851647 78.77182 20.59126 20.12461 70.45566 18.027756 36.05551 41.01219 72.443085 18.681541 47.434166 29.614185 26.172504 19.924858 38.600517 33.83785 18.788294 64.7611 16.492422 78.64477 28.160255 17.262676 39.012817 37.44329 29.681644 55.0 79.624115 42.941822 49.0 20.808653 21.377558 20.12461 40.60788 60.835846 28.319605 57.14018 60.166435 77.02597 50.01 0.0 61.46544 30.232433 34.539833 53.450912 17.464249 15.652476 32.80244 66.48308 56.0803 48.104053 9.219544 18.027756 40.459858 72.11102 80.36168 39.217342 12.806249 30.413813 50.596443 50.01 38.013157 17.0 11.18034 21.213203 13.928389 66.37017 36.359318 77.52419 22.671568 38.27532 72.11102
11.045361 43.863426 44.28318 14.866069 65.192024 42.520584 56.0803 17.464249 67.18631 50.447994 33.61547 79.20227 77.31753 27.202942 21.213203 52.23983 39.849716 32.75668 75.10659 63.126858 26.0 68.593 75.50497 38.470768 77.83315 21.189621 33.54102 72.11102 30.0 36.878178 32.75668 23.086792 44.294468 19.235384 24.351591 53.15073 82.5409 41.4367 33.24154 3.6055512 36.221542 19.0 7.071068 29.0 23.086792 61.46544 0.0 51.224995 26.925823 39.45884 53.338543 52.43091 31.144823 8.602325 26.019224 13.416408 56.753853 45.79301 32.01562 11.045361 20.0 22.36068 66.287254 52.46904 11.401754 25.0 29.068884 57.31492 68.09552 44.407207 72.277245 31.320919 76.41989 24.41311 58.0 78.51752 11.045361
59.413803 8.246211 13.0 37.48333 55.803226 12.0 27.58623 65.8559 49.497475 10.630146 45.891174 40.60788 65.06919 24.083189 53.235325 40.311287 20.09975 23.345236 56.0803 47.507893 40.4475 60.80296 48.8774 38.052597 43.011627 61.587337 25.079872 28.0 21.260292 48.166378 33.0 34.48188 53.009434 39.217342 29.410883 9.433981 47.801674 26.925823 49.0 52.43091 36.221542 38.27532 46.66905 55.362442 30.805843 30.232433 51.224995 0.0 30.805843 26.019224 39.962482 14.866069 37.01351 52.40229 34.0147 39.446167 34.713108 17.464249 48.010414 59.413803 65.60488 32.31099 42.638012 51.078373 40.22437 29.681644 22.203604 42.201897 27.658634 14.56022 43.908997 42.201897 65.11528 58.137768 10.0 67.20863 59.413803
37.64306 22.561028 30.594116 20.396078 42.72002 19.313208 29.15476 44.27189 42.296574 26.076809 43.416588 52.3259 54.708317 15.0 40.311287 27.45906 30.870699 7.615773 50.358715 38.470768 10.049875 47.010635 49.25444 41.773197 50.92151 45.099888 7.071068 46.09772 15.652476 21.095022 7.615773 26.41969 54.378304 9.219544 21.400934 29.15476 55.65968 14.56022 20.248457 26.41969 12.529964 26.57066 26.172504 46.32494 21.633308 34.539833 26.925823 30.805843 0.0 34.669872 28.284271 26.907248 9.219544 32.38827 28.84441 13.601471 30.265491 19.79899 18.973665 37.64306 46.09772 5.0 40.112343 31.906113 16.27882 22.803509 13.416408 32.24903 41.617306 19.416489 45.705578 39.446167 54.08327 45.17743 34.48188 56.302753 37.64306
43.462627 25.0 13.038404 25.019993 73.60027 28.231188 49.396355 48.76474 69.83552 33.734257 20.615528 66.27216 84.59905 19.723083 31.890438 57.201397 6.0827627 31.112698 77.36925 66.88796 43.829212 78.40918 72.11102 12.0415945 68.06615 41.231056 33.941124 54.00926 19.209373 55.758408 41.231056 16.492422 27.0 38.27532 16.124516 34.234486 72.99315 41.400482 54.589375 42.190044 46.09772 20.880613 32.75668 31.622776 17.029387 53.450912 39.45884 26.019224 34.669872 0.0 57.428215 38.078865 43.829212 36.40055 13.928389 33.54102 55.00909 36.249138 53.235325 43.462627 46.872166 32.202484 64.4748 65.053825 32.140316 15.033297 21.400934 60.74537 53.235325 32.695564 67.357254 17.492855 84.31489 36.069378 36.013885 86.53323 43.462627
64.381676 34.713108 48.08326 48.6621 16.27882 30.413813 15.033297 70.71068 14.035668 29.529646 70.5762 33.01515 27.294687 40.311287 68.593 1.4142135 52.009613 27.313 22.090721 10.198039 27.658634 21.213203 22.847319 67.11929 29.0 73.00685 24.698177 34.713108 39.357338 22.022715 21.023796 53.75872 81.02469 34.132095 48.104053 31.780497 32.649654 16.124516 25.806976 51.78803 17.117243 54.571056 54.00926 74.52516 48.703182 17.464249 53.338543 39.962482 28.284271 57.428215 0.0 26.0 22.203604 60.00833 55.713554 41.0 8.246211 22.803509 26.076809 64.381676 73.24616 33.24154 13.892444 13.038404 44.011364 49.396355 37.576588 4.0 28.635643 26.24881 20.808653 66.48308 26.925823 73.43705 35.735138 29.15476 64.381676
62.26556 13.152946 26.0 41.231056 41.340054 11.18034 12.727922 68.96376 34.655445 4.472136 56.008926 29.15476 50.24938 28.160255 59.908264 26.57066 32.01562 19.849434 41.231056 32.80244 34.48188 46.32494 34.43835 49.648766 30.149628 67.06713 19.849434 19.723083 25.70992 38.63936 25.495098 41.59327 64.629715 36.124783 35.69314 5.8309517 35.128338 16.492422 40.5216 52.63079 26.925823 44.38468 49.648766 63.63961 36.878178 15.652476 52.43091 14.866069 26.907248 38.078865 26.0 0.0 29.546574 55.9017 42.190044 39.20459 20.0 7.2111025 39.849716 62.26556 69.77822 30.479502 27.802877 38.078865 41.04875 36.496574 25.298222 27.784887 16.492422 8.062258 29.546574 52.0 50.32892 65.0 10.049875 52.40229 62.26556
42.190044 29.017237 38.8973 28.231188 34.928497 25.019993 27.658634 48.507732 36.05551 30.083218 52.153618 50.803543 47.07441 24.207438 47.539455 21.095022 39.824615 14.3178215 44.011364 32.01562 5.8309517 38.8973 44.64303 50.931328 48.373547 51.156624 12.0415945 47.010635 24.698177 12.083046 4.1231055 35.22783 63.245552 12.0 30.479502 33.24154 52.773098 13.601471 12.0415945 29.614185 5.0990195 34.88553 32.24903 54.08327 30.610456 32.80244 31.144823 37.01351 9.219544 43.829212 22.203604 29.546574 0.0 38.052597 37.802116 19.235384 26.400757 22.472204 11.0 42.190044 51.088158 13.038404 35.44009 23.259407 22.36068 31.890438 22.472204 26.172504 41.773197 23.537205 41.785164 48.259712 46.32494 52.17279 38.600517 48.507732 42.190044
7.2111025 45.80393 43.60046 15.0 72.691124 45.276924 61.13101 13.453624 74.0 53.338543 26.683329 83.81527 84.85281 28.600698 12.806249 59.0 38.078865 37.0 82.006096 70.00714 33.37664 76.29548 81.61495 33.01515 82.96987 13.152946 38.327538 75.591 31.400637 44.922153 39.051247 20.12461 36.769554 26.076809 23.43075 55.758408 87.80091 46.872166 41.4367 12.0415945 43.011627 15.652476 6.3245554 20.615528 22.022715 66.48308 8.602325 52.40229 32.38827 36.40055 60.00833 55.9017 38.052597 0.0 22.472204 19.026299 62.649822 49.76947 40.16217 7.2111025 13.928389 27.45906 72.443085 60.207973 16.124516 23.600847 31.06445 64.00781 72.09022 47.853943 78.08969 25.079872 84.0119 15.811388 60.216278 86.145226 7.2111025
29.546574 29.614185 22.803509 12.649111 71.11259 31.06445 51.24451 34.98571 69.260376 38.470768 14.866069 71.34424 82.85529 15.524175 19.416489 55.154327 16.27882 28.460499 77.201035 65.78754 36.069378 75.591 73.82411 13.892444 72.00694 28.319605 31.016125 60.63827 17.117243 48.79549 36.359318 3.1622777 25.553865 29.206163 7.615773 40.024994 77.00649 39.849716 46.75468 29.017237 41.340054 7.071068 19.104973 21.587032 7.2111025 56.0803 26.019224 34.0147 28.84441 13.928389 55.713554 42.190044 37.802116 22.472204 0.0 22.825424 55.31727 38.052597 45.343136 29.546574 33.42155 24.839485 65.30697 60.74537 20.615528 6.3245554 18.439089 59.464275 58.549126 35.0 69.46222 10.770329 82.346825 24.186773 43.32436 84.58132 29.546574
24.04163 31.622776 34.713108 10.630146 54.129475 29.732138 42.72002 30.675724 55.00909 37.48333 35.35534 65.795135 66.287254 16.492422 28.460499 40.012497 32.0 19.416489 63.03174 51.0392 15.231546 57.974133 62.649822 36.71512 64.513565 32.01562 20.12461 58.821766 18.973665 27.784887 20.024984 19.723083 46.66905 7.615773 17.464249 40.311287 69.260376 28.160255 25.0 13.453624 24.083189 17.691807 13.038404 35.341194 16.763054 48.104053 13.416408 39.446167 13.601471 33.54102 41.0 39.20459 19.235384 19.026299 22.825424 0.0 43.737854 32.449963 23.600847 24.04163 32.55764 8.944272 53.460266 42.059483 3.1622777 18.681541 17.464249 45.0 54.708317 31.241 59.22837 31.890438 65.51336 32.984844 45.343136 67.68308 24.04163
67.68308 30.805843 44.407207 50.0 21.470911 26.925823 7.615773 74.215904 15.0 24.083189 70.0928 25.495098 30.413813 39.812057 70.00714 9.486833 49.24429 27.166155 22.36068 12.806249 32.202484 26.41969 19.026299 65.551506 22.203604 75.32596 25.019993 26.476404 38.327538 29.068884 24.04163 53.75872 80.00625 37.64306 47.853943 25.806976 26.41969 16.0 32.526913 55.65968 21.470911 55.226807 56.435802 75.32596 48.6621 9.219544 56.753853 34.713108 30.265491 55.00909 8.246211 20.0 26.400757 62.649822 55.31727 43.737854 0.0 18.867962 32.55764 67.68308 76.29548 35.22783 10.049875 21.213203 46.52956 49.0306 36.878178 8.246211 20.396078 22.472204 15.524175 65.96969 30.413813 75.0 29.068884 32.526913 67.68308
55.9017 12.0415945 25.612497 35.44009 38.948685 8.062258 13.341664 62.609905 33.83785 8.0 52.46904 34.20526 49.0408 23.086792 54.74486 23.021729 30.413813 13.038404 41.18252 31.241 27.294687 43.931767 36.138622 47.127487 34.132095 61.400326 12.727922 26.400757 21.0 32.140316 18.384777 37.01351 61.846584 29.0 31.016125 11.045361 39.115215 10.0 33.734257 45.80393 20.22375 39.319206 43.462627 59.07622 32.06244 18.027756 45.79301 17.464249 19.79899 36.249138 22.803509 7.2111025 22.472204 49.76947 38.052597 32.449963 18.867962 0.0 32.984844 55.9017 63.694584 23.600847 28.231188 33.61547 34.48188 32.0 20.09975 25.455845 22.36068 3.6055512 31.575306 48.373547 48.9183 59.841457 16.27882 51.088158 55.9017
42.579338 40.012497 49.47727 34.058773 34.132095 36.013885 35.805027 48.166378 38.27532 40.792156 58.796257 57.982758 46.010868 33.54102 51.42956 24.698177 49.76947 25.179358 45.607018 34.176014 9.433981 37.01351 48.76474 59.03389 54.67175 53.160137 23.021729 56.0803 34.539833 5.0 15.033297 42.44997 70.0928 16.27882 38.600517 43.931767 58.60034 23.409399 1.4142135 29.427877 13.0 41.109608 35.341194 58.66856 38.418747 40.459858 32.01562 48.010414 18.973665 53.235325 26.076809 39.849716 11.0 40.16217 45.343136 23.600847 32.55764 32.984844 0.0 42.579338 51.62364 21.095022 39.962482 21.023796 26.627054 40.0 32.31099 29.529646 50.47772 34.36568 46.872166 55.17246 45.0 55.542778 49.24429 47.010635 42.579338
0.0 52.63079 50.803543 21.931713 76.105194 51.86521 66.730804 6.708204 78.23043 59.908264 32.06244 89.693924 88.20431 35.468296 16.492422 63.28507 45.276924 42.953465 86.145226 74.168724 37.01351 79.40403 86.492775 39.319206 88.54378 12.0415945 44.011364 81.9878 38.28838 47.518417 43.737854 27.294687 41.231056 30.265491 30.610456 62.425957 93.30059 52.201534 43.737854 13.152946 47.26521 22.825424 12.806249 23.769728 29.206163 72.11102 11.045361 59.413803 37.64306 43.462627 64.381676 62.26556 42.190044 7.2111025 29.546574 24.04163 67.68308 55.9017 42.579338 0.0 9.055386 32.89377 77.27872 63.28507 21.540659 30.805843 37.802116 68.359344 78.26238 54.20332 83.198555 31.06445 87.28116 17.492855 67.00746 89.358826 0.0
9.055386 59.36329 55.86591 28.653097 85.146935 59.05929 75.0 5.0 87.14356 67.11929 31.780497 97.73945 97.25225 42.190044 15.811388 72.1734 49.67897 50.92151 95.084175 83.09633 46.0 88.45903 95.189285 40.496914 96.84007 7.0 52.201534 89.44272 44.94441 56.568542 52.46904 31.827662 39.012817 39.115215 36.23534 69.46222 101.65137 60.63827 52.773098 22.203604 56.142673 27.58623 20.248457 21.0 34.828148 80.36168 20.0 65.60488 46.09772 46.872166 73.24616 69.77822 51.088158 13.928389 33.42155 32.55764 76.29548 63.694584 51.62364 9.055386 0.0 41.231056 85.98837 72.33948 29.832869 36.124783 44.777225 77.23341 86.00581 61.741398 91.78235 31.95309 96.332756 14.0 73.78347 98.4124 9.055386
32.89377 24.166092 30.016663 15.524175 47.434166 21.633308 33.83785 39.56008 47.26521 29.068884 39.115215 56.859474 59.48109 12.649111 35.35534 32.38827 29.12044 10.630146 55.326305 43.416588 11.661903 51.62364 54.230988 38.209946 55.65968 40.112343 11.18034 50.0 14.142136 24.083189 12.369317 22.203604 50.219517 7.071068 17.691807 32.01562 60.440052 19.416489 22.472204 22.203604 17.088007 21.931713 21.213203 41.484936 17.691807 39.217342 22.36068 32.31099 5.0 32.202484 33.24154 30.479502 13.038404 27.45906 24.839485 8.944272 35.22783 23.600847 21.095022 32.89377 41.231056 0.0 45.099888 36.23534 11.401754 19.104973 12.0415945 37.215588 45.79301 22.627417 50.635956 35.22783 58.821766 40.1995 37.202152 61.03278 32.89377
77.27872 39.824615 53.338543 60.00833 18.0 36.249138 15.264338 83.74366 8.246211 32.202484 80.04999 21.189621 23.323807 49.819675 80.024994 15.264338 58.60034 37.215588 13.453624 9.219544 41.109608 22.203604 9.219544 75.272835 16.124516 85.2115 35.057095 27.45906 48.270073 35.805027 33.54102 63.788715 89.84431 47.07441 57.870544 33.30165 19.104973 26.019224 39.661064 65.0 30.364452 65.27634 66.27216 85.37564 58.694122 12.806249 66.287254 42.638012 40.112343 64.4748 13.892444 27.802877 35.44009 72.443085 65.30697 53.460266 10.049875 28.231188 39.962482 77.27872 85.98837 45.099888 0.0 23.853722 56.32051 59.03389 46.872166 10.630146 21.84033 31.780497 7.071068 75.9276 23.70654 85.00588 35.468296 25.553865 77.27872
63.28507 44.777225 57.428215 51.47815 13.152946 40.311287 28.0 69.065186 19.209373 41.109608 75.29276 44.72136 25.0 46.227695 70.5195 12.0 60.207973 33.941124 25.495098 15.556349 26.925823 16.124516 31.112698 73.409805 39.962482 73.34848 31.112698 47.67599 46.010868 16.03122 24.41311 58.30952 86.28442 34.48188 53.25411 43.68066 42.80187 24.698177 20.09975 50.159744 19.416489 58.137768 54.81788 77.25283 53.535034 30.413813 52.46904 51.078373 31.906113 65.053825 13.038404 38.078865 23.259407 60.207973 60.74537 42.059483 21.213203 33.61547 21.023796 63.28507 72.33948 36.23534 23.853722 0.0 45.221676 54.644306 43.931767 13.928389 41.59327 36.67424 30.805843 71.34424 24.020824 75.0 48.052055 26.076809 63.28507
21.540659 32.649654 34.48188 8.062258 57.271286 31.144823 45.221676 28.231188 58.034473 39.051247 32.55764 68.154236 69.426216 16.552946 25.298222 43.046486 31.144823 21.470911 66.068146 54.08327 18.384777 61.13101 65.490456 34.43835 67.052216 29.0 22.472204 60.74537 19.235384 30.88689 23.0 17.464249 43.863426 10.770329 16.03122 41.773197 71.8401 30.805843 28.01785 12.206555 27.166155 15.0 10.0 32.202484 15.132746 50.596443 11.401754 40.22437 16.27882 32.140316 44.011364 41.04875 22.36068 16.124516 20.615528 3.1622777 46.52956 34.48188 26.627054 21.540659 29.832869 11.401754 56.32051 45.221676 0.0 17.117243 18.027756 48.010414 56.82429 33.01515 61.983868 29.206163 68.65858 29.832869 46.66905 70.83079 21.540659
30.805843 24.351591 20.0 10.198039 64.84597 25.317978 45.099888 36.878178 62.936478 32.984844 21.189621 65.62012 76.55717 9.219544 23.769728 48.8467 14.866069 22.135944 70.88018 59.464275 30.610456 69.354164 67.601776 19.104973 66.068146 31.906113 24.698177 55.362442 11.0 43.185646 30.232433 5.0990195 31.764761 24.186773 1.4142135 34.785053 71.063354 33.526108 41.400482 27.45906 35.22783 8.602325 18.788294 27.166155 2.0 50.01 25.0 29.681644 22.803509 15.033297 49.396355 36.496574 31.890438 23.600847 6.3245554 18.681541 49.0306 32.0 40.0 30.805843 36.124783 19.104973 59.03389 54.644306 17.117243 0.0 12.165525 53.14132 52.95281 29.068884 63.28507 17.088007 76.05919 28.79236 38.483765 78.29432 30.805843
37.802116 14.866069 18.0 16.124516 53.338543 14.3178215 33.01515 44.407207 50.92151 22.36068 33.24154 54.129475 64.84597 3.0 34.713108 37.12142 17.464249 10.29563 58.821766 47.539455 23.086792 57.982758 55.443665 29.681644 54.230988 41.785164 13.038404 44.777225 2.236068 34.48188 19.849434 17.029387 43.462627 19.0 11.045361 24.698177 59.211487 21.540659 33.61547 30.232433 24.758837 19.235384 25.0 39.012817 12.0 38.013157 29.068884 22.203604 13.416408 21.400934 37.576588 25.298222 22.472204 31.06445 18.439089 17.464249 36.878178 20.09975 32.31099 37.802116 44.777225 12.0415945 46.872166 43.931767 18.027756 12.165525 0.0 41.231056 41.761227 17.464249 51.156624 29.12044 64.412735 39.812057 29.206163 66.64833 37.802116
68.359344 37.48333 50.990196 52.611786 13.601471 33.30165 15.811388 74.672615 10.049875 31.622776 74.330345 30.88689 23.853722 44.011364 72.56032 5.0990195 55.21775 31.016125 18.110771 6.3245554 31.575306 18.601076 19.235384 70.66116 26.400757 77.00649 28.460499 34.132095 42.953465 25.23886 25.019993 57.567352 84.693565 38.118237 51.86521 33.61547 29.698484 19.697716 29.15476 55.7315 21.095022 58.463665 58.00862 78.44743 52.49762 17.0 57.31492 42.201897 32.24903 60.74537 4.0 27.784887 26.172504 64.00781 59.464275 45.0 8.246211 25.455845 29.529646 68.359344 77.23341 37.215588 10.630146 13.928389 48.010414 53.14132 41.231056 0.0 28.071337 29.0 17.691807 70.2282 23.600847 77.41447 37.161808 25.806976 68.359344
78.26238 29.068884 40.4475 57.58472 39.45884 27.658634 14.764823 84.97058 30.083218 20.09975 72.06247 13.038404 44.777225 44.64303 76.40026 29.832869 47.169907 35.35534 34.0 30.265491 47.38143 43.931767 24.207438 65.12296 15.652476 83.48653 34.669872 6.0827627 42.201897 47.88528 38.183765 58.0517 80.1561 50.606323 52.17279 19.026299 20.248457 28.284271 50.77401 67.95587 37.802116 60.876926 65.795135 80.06248 53.366657 11.18034 68.09552 27.658634 41.617306 53.235325 28.635643 16.492422 41.773197 72.09022 58.549126 54.708317 20.396078 22.36068 50.47772 78.26238 86.00581 45.79301 21.84033 41.59327 56.82429 52.95281 41.761227 28.071337 0.0 24.351591 19.416489 68.117546 45.310043 81.49233 18.027756 47.010635 78.26238
54.20332 8.485281 22.022715 33.24154 42.44997 4.472136 16.763054 60.90156 37.44329 6.708204 49.25444 36.67424 52.63079 20.396078 52.17279 26.400757 26.832815 12.0415945 44.777225 34.828148 27.856777 47.423622 39.56008 43.68066 37.01351 59.135437 12.529964 27.784887 18.110771 34.0 19.416489 34.132095 58.463665 28.600698 28.160255 9.848858 42.0119 12.369317 35.22783 44.687805 22.0 36.67424 41.59327 56.22277 29.274563 21.213203 44.407207 14.56022 19.416489 32.695564 26.24881 8.062258 23.537205 47.853943 35.0 31.241 22.472204 3.6055512 34.36568 54.20332 61.741398 22.627417 31.780497 36.67424 33.01515 29.068884 17.464249 29.0 24.351591 0.0 34.928497 45.17743 52.49762 57.271286 15.231546 54.67175 54.20332
83.198555 42.379242 55.542778 65.12296 23.537205 39.293766 18.248287 89.73851 13.341664 34.0147 84.0119 15.132746 25.96151 54.147945 85.052925 22.203604 61.351448 42.0119 14.866069 15.652476 47.539455 27.073973 5.0 78.58753 9.486833 90.66973 40.112343 24.166092 52.34501 42.80187 39.56008 68.18358 93.39165 53.160137 62.201286 34.48188 12.0415945 31.257 46.615448 71.168816 36.769554 70.00714 71.84706 90.04999 63.126858 13.928389 72.277245 43.908997 45.705578 67.357254 20.808653 29.546574 41.785164 78.08969 69.46222 59.22837 15.524175 31.575306 46.872166 83.198555 91.78235 50.635956 7.071068 30.805843 61.983868 63.28507 51.156624 17.691807 19.416489 34.928497 0.0 79.9062 26.683329 90.088844 35.608986 28.160255 83.198555
31.06445 39.051247 29.732138 21.260292 81.859634 41.04875 61.66036 34.928497 80.00625 48.04165 4.1231055 81.055534 93.62158 26.24881 16.155495 65.9242 22.472204 39.217342 87.93179 76.55064 46.09772 86.313385 84.34453 8.5440035 82.05486 25.495098 41.785164 69.72087 27.658634 58.898216 47.010635 13.038404 15.0 38.8973 18.384777 49.25444 87.05171 50.596443 56.586216 34.785053 51.971146 14.21267 24.351591 14.21267 17.888544 66.37017 31.320919 42.201897 39.446167 17.492855 66.48308 52.0 48.259712 25.079872 10.770329 31.890438 65.96969 48.373547 55.17246 31.06445 31.95309 35.22783 75.9276 71.34424 29.206163 17.088007 29.12044 70.2282 68.117546 45.17743 79.9062 0.0 93.10747 19.416489 51.971146 95.34149 31.06445
87.28116 60.959003 74.518456 74.330345 11.401754 56.85068 37.64306 93.08598 15.811388 54.48853 97.16995 41.19466 1.4142135 67.08204 93.8616 27.294687 78.81624 54.120235 12.0415945 17.691807 50.635956 8.062258 23.086792 94.02127 35.128338 97.16481 51.42956 50.596443 66.24198 40.0 46.486557 80.23092 107.78683 58.0517 74.73286 56.0803 35.057095 43.046486 44.011364 74.168724 41.761227 80.65358 78.44743 100.28459 75.23962 36.359318 76.41989 65.11528 54.08327 84.31489 26.925823 50.32892 46.32494 84.0119 82.346825 65.51336 30.413813 48.9183 45.0 87.28116 96.332756 58.821766 23.70654 24.020824 68.65858 76.05919 64.412735 23.600847 45.310043 52.49762 26.683329 93.10747 0.0 98.48858 58.821766 2.236068 87.28116
17.492855 53.14132 46.872166 25.0 87.09765 53.851646 72.33948 18.248287 87.46428 61.68468 18.384777 93.941475 99.24717 36.878178 5.0990195 72.56032 40.0 48.09366 95.524864 83.60024 48.08326 90.95603 94.00532 27.784887 93.904205 7.0 50.01 84.118965 39.293766 60.166435 52.46904 23.769728 25.019993 40.5216 29.410883 63.56886 98.85848 59.0 56.859474 27.802877 56.88585 20.615528 20.248457 7.0 28.160255 77.52419 24.41311 58.137768 45.17743 36.069378 73.43705 65.0 52.17279 15.811388 24.186773 32.984844 75.0 59.841457 55.542778 17.492855 14.0 40.1995 85.00588 75.0 29.832869 28.79236 39.812057 77.41447 81.49233 57.271286 90.088844 19.416489 98.48858 0.0 67.23094 100.6628 17.492855
67.00746 14.422205 23.0 45.221676 50.537113 15.6205 21.470911 73.60027 43.011627 8.5440035 55.7315 30.805843 58.60034 31.622776 62.241467 36.40055 30.066593 26.925823 48.83646 41.677334 43.081318 55.470715 40.60788 48.04165 33.61547 70.23532 27.730848 18.0 28.84441 48.373547 34.48188 43.462627 63.007935 43.56604 38.013157 5.3851647 38.27532 26.172504 50.01 58.728188 36.496574 46.957428 54.20332 64.84597 39.357338 22.671568 58.0 10.0 34.48188 36.013885 35.735138 10.049875 38.600517 60.216278 43.32436 45.343136 29.068884 16.27882 49.24429 67.00746 73.78347 37.202152 35.468296 48.052055 46.66905 38.483765 29.206163 37.161808 18.027756 15.231546 35.608986 51.971146 58.821766 67.23094 0.0 60.80296 67.00746
89.358826 63.126858 76.6942 76.537575 13.601471 59.03389 39.698868 95.131485 17.804493 56.586216 99.40322 42.426407 2.236068 69.31811 96.04687 29.529646 81.02469 56.35601 13.341664 19.849434 52.773098 10.0 24.33105 96.25487 36.345562 99.29753 53.66563 52.201534 68.47627 42.0119 48.703182 82.46211 110.02273 60.207973 76.96753 58.137768 36.0 45.276924 46.0 76.23647 43.965897 82.8734 80.60397 102.48902 77.47257 38.27532 78.51752 67.20863 56.302753 86.53323 29.15476 52.40229 48.507732 86.145226 84.58132 67.68308 32.526913 51.088158 47.010635 89.358826 98.4124 61.03278 25.553865 26.076809 70.83079 78.29432 66.64833 25.806976 47.010635 54.67175 28.160255 95.34149 2.236068 100.6628 60.80296 0.0 89.358826
0.0 52.63079 50.803543 21.931713 76.105194 51.86521 66.730804 6.708204 78.23043 59.908264 32.06244 89.693924 88.20431 35.468296 16.492422 63.28507 45.276924 42.953465 86.145226 74.168724 37.01351 79.40403 86.492775 39.319206 88.54378 12.0415945 44.011364 81.9878 38.28838 47.518417 43.737854 27.294687 41.231056 30.265491 30.610456 62.425957 93.30059 52.201534 43.737854 13.152946 47.26521 22.825424 12.806249 23.769728 29.206163 72.11102 11.045361 59.413803 37.64306 43.462627 64.381676 62.26556 42.190044 7.2111025 29.546574 24.04163 67.68308 55.9017 42.579338 0.0 9.055386 32.89377 77.27872 63.28507 21.540659 30.805843 37.802116 68.359344 78.26238 54.20332 83.198555 31.06445 87.28116 17.492855 67.00746 89.358826 0.0
p
0 0 0 0 0 0
0 0 0 0 0 0
0 0 0 0 0 0
0 0 0 0 0 0
0 0 0 0 0 0
0 0 0 0 0 0
0 0 0 0 0 0
0 0 0 0 0 0
0 0 0 0 0 0
0 0 0 0 0 0
0 0 0 0 0 0
0 0 0 0 0 0
0 0 0 0 0 0
0 0 0 0 0 0
0 0 0 0 0 0
17.0 17.0 17.0 17.0 17.0 17.0
17.0 17.0 17.0 17.0 17.0 17.0
17.0 17.0 17.0 17.0 17.0 17.0
17.0 17.0 17.0 17.0 17.0 17.0
17.0 17.0 17.0 17.0 17.0 17.0
17.0 17.0 17.0 17.0 17.0 17.0
17.0 17.0 17.0 17.0 17.0 17.0
17.0 17.0 17.0 17.0 17.0 17.0
17.0 17.0 17.0 17.0 17.0 17.0
17.0 17.0 17.0 17.0 17.0 17.0
17.0 17.0 17.0 17.0 17.0 17.0
17.0 17.0 17.0 17.0 17.0 17.0
17.0 17.0 17.0 17.0 17.0 17.0
17.0 17.0 17.0 17.0 17.0 17.0
17.0 17.0 17.0 17.0 17.0 17.0
17.0 17.0 17.0 17.0 17.0 17.0
17.0 17.0 17.0 17.0 17.0 17.0
17.0 17.0 17.0 17.0 17.0 17.0
17.0 17.0 17.0 17.0 17.0 17.0
17.0 17.0 17.0 17.0 17.0 17.0
17.0 17.0 17.0 17.0 17.0 17.0
17.0 17.0 17.0 17.0 17.0 17.0
17.0 17.0 17.0 17.0 17.0 17.0
17.0 17.0 17.0 17.0 17.0 17.0
17.0 17.0 17.0 17.0 17.0 17.0
17.0 17.0 17.0 17.0 17.0 17.0
17.0 17.0 17.0 17.0 17.0 17.0
17.0 17.0 17.0 17.0 17.0 17.0
17.0 17.0 17.0 17.0 17.0 17.0
17.0 17.0 17.0 17.0 17.0 17.0
17.0 17.0 17.0 17.0 17.0 17.0
17.0 17.0 17.0 17.0 17.0 17.0
17.0 17.0 17.0 17.0 17.0 17.0
17.0 17.0 17.0 17.0 17.0 17.0
17.0 17.0 17.0 17.0 17.0 17.0
17.0 17.0 17.0 17.0 17.0 17.0
17.0 17.0 17.0 17.0 17.0 17.0
17.0 17.0 17.0 17.0 17.0 17.0
17.0 17.0 17.0 17.0 17.0 17.0
17.0 17.0 17.0 17.0 17.0 17.0
17.0 17.0 17.0 17.0 17.0 17.0
17.0 17.0 17.0 17.0 17.0 17.0
17.0 17.0 17.0 17.0 17.0 17.0
17.0 17.0 17.0 17.0 17.0 17.0
17.0 17.0 17.0 17.0 17.0 17.0
17.0 17.0 17.0 17.0 17.0 17.0
17.0 17.0 17.0 17.0 17.0 17.0
17.0 17.0 17.0 17.0 17.0 17.0
17.0 17.0 17.0 17.0 17.0 17.0
17.0 17.0 17.0 17.0 17.0 17.0
17.0 17.0 17.0 17.0 17.0 17.0
17.0 17.0 17.0 17.0 17.0 17.0
17.0 17.0 17.0 17.0 17.0 17.0
17.0 17.0 17.0 17.0 17.0 17.0
17.0 17.0 17.0 17.0 17.0 17.0
17.0 17.0 17.0 17.0 17.0 17.0
17.0 17.0 17.0 17.0 17.0 17.0
17.0 17.0 17.0 17.0 17.0 17.0
17.0 17.0 17.0 17.0 17.0 17.0
17.0 17.0 17.0 17.0 17.0 17.0
17.0 17.0 17.0 17.0 17.0 17.0
17.0 17.0 17.0 17.0 17.0 17.0
17.0 17.0 17.0 17.0 17.0 17.0
17.0 17.0 17.0 17.0 17.0 17.0
17.0 17.0 17.0 17.0 17.0 17.0
17.0 17.0 17.0 17.0 17.0 17.0
17.0 17.0 17.0 17.0 17.0 17.0
17.0 17.0 17.0 17.0 17.0 17.0
17.0 17.0 17.0 17.0 17.0 17.0
17.0 17.0 17.0 17.0 17.0 17.0
17.0 17.0 17.0 17.0 17.0 17.0
17.0 17.0 17.0 17.0 17.0 17.0
17.0 17.0 17.0 17.0 17.0 17.0
17.0 17.0 17.0 17.0 17.0 17.0
17.0 17.0 17.0 17.0 17.0 17.0
17.0 17.0 17.0 17.0 17.0 17.0
17.0 17.0 17.0 17.0 17.0 17.0
17.0 17.0 17.0 17.0 17.0 17.0
17.0 17.0 17.0 17.0 17.0 17.0
17.0 17.0 17.0 17.0 17.0 17.0
17.0 17.0 17.0 17.0 17.0 17.0
17.0 17.0 17.0 17.0 17.0 17.0
17.0 17.0 17.0 17.0 17.0 17.0
17.0 17.0 17.0 17.0 17.0 17.0
17.0 17.0 17.0 17.0 17.0 17.0
17.0 17.0 17.0 17.0 17.0 17.0
17.0 17.0 17.0 17.0 17.0 17.0
17.0 17.0 17.0 17.0 17.0 17.0
17.0 17.0 17.0 17.0 17.0 17.0
17.0 17.0 17.0 17.0 17.0 17.0
17.0 17.0 17.0 17.0 17.0 17.0
17.0 17.0 17.0 17.0 17.0 17.0
17.0 17.0 17.0 17.0 17.0 17.0
17.0 17.0 17.0 17.0 17.0 17.0
17.0 17.0 17.0 17.0 17.0 17.0
17.0 17.0 17.0 17.0 17.0 17.0
17.0 17.0 17.0 17.0 17.0 17.0
17.0 17.0 17.0 17.0 17.0 17.0
17.0 17.0 17.0 17.0 17.0 17.0
17.0 17.0 17.0 17.0 17.0 17.0
17.0 17.0 17.0 17.0 17.0 17.0
17.0 17.0 17.0 17.0 17.0 17.0
17.0 17.0 17.0 17.0 17.0 17.0
17.0 17.0 17.0 17.0 17.0 17.0
17.0 17.0 17.0 17.0 17.0 17.0
17.0 17.0 17.0 17.0 17.0 17.0
17.0 17.0 17.0 17.0 17.0 17.0
17.0 17.0 17.0 17.0 17.0 17.0
17.0 17.0 17.0 17.0 17.0 17.0
17.0 17.0 17.0 17.0 17.0 17.0
17.0 17.0 17.0 17.0 17.0 17.0
17.0 17.0 17.0 17.0 17.0 17.0
17.0 17.0 17.0 17.0 17.0 17.0
17.0 17.0 17.0 17.0 17.0 17.0
17.0 17.0 17.0 17.0 17.0 17.0
17.0 17.0 17.0 17.0 17.0 17.0
17.0 17.0 17.0 17.0 17.0 17.0
17.0 17.0 17.0 17.0 17.0 17.0
17.0 17.0 17.0 17.0 17.0 17.0
17.0 17.0 17.0 17.0 17.0 17.0
17.0 17.0 17.0 17.0 17.0 17.0
17.0 17.0 17.0 17.0 17.0 17.0
17.0 17.0 17.0 17.0 17.0 17.0
17.0 17.0 17.0 17.0 17.0 17.0
17.0 17.0 17.0 17.0 17.0 17.0
17.0 17.0 17.0 17.0 17.0 17.0
17.0 17.0 17.0 17.0 17.0 17.0
17.0 17.0 17.0 17.0 17.0 17.0
17.0 17.0 17.0 17.0 17.0 17.0
17.0 17.0 17.0 17.0 17.0 17.0
17.0 17.0 17.0 17.0 17.0 17.0
17.0 17.0 17.0 17.0 17.0 17.0
17.0 17.0 17.0 17.0 17.0 17.0
17.0 17.0 17.0 17.0 17.0 17.0
17.0 17.0 17.0 17.0 17.0 17.0
17.0 17.0 17.0 17.0 17.0 17.0
17.0 17.0 17.0 17.0 17.0 17.0
17.0 17.0 17.0 17.0 17.0 17.0
17.0 17.0 17.0 17.0 17.0 17.0
17.0 17.0 17.0 17.0 17.0 17.0
17.0 17.0 17.0 17.0 17.0 17.0
17.0 17.0 17.0 17.0 17.0 17.0
17.0 17.0 17.0 17.0 17.0 17.0
17.0 17.0 17.0 17.0 17.0 17.0
17.0 17.0 17.0 17.0 17.0 17.0
17.0 17.0 17.0 17.0 17.0 17.0
17.0 17.0 17.0 17.0 17.0 17.0
17.0 17.0 17.0 17.0 17.0 17.0
17.0 17.0 17.0 17.0 17.0 17.0
17.0 17.0 17.0 17.0 17.0 17.0
17.0 17.0 17.0 17.0 17.0 17.0
17.0 17.0 17.0 17.0 17.0 17.0
17.0 17.0 17.0 17.0 17.0 17.0
17.0 17.0 17.0 17.0 17.0 17.0
17.0 17.0 17.0 17.0 17.0 17.0
17.0 17.0 17.0 17.0 17.0 17.0
17.0 17.0 17.0 17.0 17.0 17.0
17.0 17.0 17.0 17.0 17.0 17.0
17.0 17.0 17.0 17.0 17.0 17.0
17.0 17.0 17.0 17.0 17.0 17.0
17.0 17.0 17.0 17.0 17.0 17.0
17.0 17.0 17.0 17.0 17.0 17.0
17.0 17.0 17.0 17.0 17.0 17.0
17.0 17.0 17.0 17.0 17.0 17.0
17.0 17.0 17.0 17.0 17.0 17.0
17.0 17.0 17.0 17.0 17.0 17.0
17.0 17.0 17.0 17.0 17.0 17.0
17.0 17.0 17.0 17.0 17.0 17.0
17.0 17.0 17.0 17.0 17.0 17.0
17.0 17.0 17.0 17.0 17.0 17.0
17.0 17.0 17.0 17.0 17.0 17.0
17.0 17.0 17.0 17.0 17.0 17.0
17.0 17.0 17.0 17.0 17.0 17.0
17.0 17.0 17.0 17.0 17.0 17.0
17.0 17.0 17.0 17.0 17.0 17.0
17.0 17.0 17.0 17.0 17.0 17.0
17.0 17.0 17.0 17.0 17.0 17.0
17.0 17.0 17.0 17.0 17.0 17.0
17.0 17.0 17.0 17.0 17.0 17.0
17.0 17.0 17.0 17.0 17.0 17.0
17.0 17.0 17.0 17.0 17.0 17.0
17.0 17.0 17.0 17.0 17.0 17.0
17.0 17.0 17.0 17.0 17.0 17.0
17.0 17.0 17.0 17.0 17.0 17.0
17.0 17.0 17.0 17.0 17.0 17.0
17.0 17.0 17.0 17.0 17.0 17.0
17.0 17.0 17.0 17.0 17.0 17.0
17.0 17.0 17.0 17.0 17.0 17.0
17.0 17.0 17.0 17.0 17.0 17.0
17.0 17.0 17.0 17.0 17.0 17.0
17.0 17.0 17.0 17.0 17.0 17.0
17.0 17.0 17.0 17.0 17.0 17.0
17.0 17.0 17.0 17.0 17.0 17.0
17.0 17.0 17.0 17.0 17.0 17.0
17.0 17.0 17.0 17.0 17.0 17.0
17.0 17.0 17.0 17.0 17.0 17.0
17.0 17.0 17.0 17.0 17.0 17.0
17.0 17.0 17.0 17.0 17.0 17.0
17.0 17.0 17.0 17.0 17.0 17.0
17.0 17.0 17.0 17.0 17.0 17.0
17.0 17.0 17.0 17.0 17.0 17.0
17.0 17.0 17.0 17.0 17.0 17.0
17.0 17.0 17.0 17.0 17.0 17.0
17.0 17.0 17.0 17.0 17.0 17.0
17.0 17.0 17.0 17.0 17.0 17.0
17.0 17.0 17.0 17.0 17.0 17.0
17.0 17.0 17.0 17.0 17.0 17.0
17.0 17.0 17.0 17.0 17.0 17.0
17.0 17.0 17.0 17.0 17.0 17.0
17.0 17.0 17.0 17.0 17.0 17.0
17.0 17.0 17.0 17.0 17.0 17.0
17.0 17.0 17.0 17.0 17.0 17.0
17.0 17.0 17.0 17.0 17.0 17.0
17.0 17.0 17.0 17.0 17.0 17.0
17.0 17.0 17.0 17.0 17.0 17.0
17.0 17.0 17.0 17.0 17.0 17.0
17.0 17.0 17.0 17.0 17.0 17.0
17.0 17.0 17.0 17.0 17.0 17.0
17.0 17.0 17.0 17.0 17.0 17.0
17.0 17.0 17.0 17.0 17.0 17.0
17.0 17.0 17.0 17.0 17.0 17.0
17.0 17.0 17.0 17.0 17.0 17.0
17.0 17.0 17.0 17.0 17.0 17.0
17.0 17.0 17.0 17.0 17.0 17.0
17.0 17.0 17.0 17.0 17.0 17.0
17.0 17.0 17.0 17.0 17.0 17.0
17.0 17.0 17.0 17.0 17.0 17.0
17.0 17.0 17.0 17.0 17.0 17.0
17.0 17.0 17.0 17.0 17.0 17.0
17.0 17.0 17.0 17.0 17.0 17.0
17.0 17.0 17.0 17.0 17.0 17.0
17.0 17.0 17.0 17.0 17.0 17.0
17.0 17.0 17.0 17.0 17.0 17.0
17.0 17.0 17.0 17.0 17.0 17.0
17.0 17.0 17.0 17.0 17.0 17.0
17.0 17.0 17.0 17.0 17.0 17.0
17.0 17.0 17.0 17.0 17.0 17.0
17.0 17.0 17.0 17.0 17.0 17.0
17.0 17.0 17.0 17.0 17.0 17.0
17.0 17.0 17.0 17.0 17.0 17.0
17.0 17.0 17.0 17.0 17.0 17.0
17.0 17.0 17.0 17.0 17.0 17.0
17.0 17.0 17.0 17.0 17.0 17.0
17.0 17.0 17.0 17.0 17.0 17.0
17.0 17.0 17.0 17.0 17.0 17.0
17.0 17.0 17.0 17.0 17.0 17.0
17.0 17.0 17.0 17.0 17.0 17.0
17.0 17.0 17.0 17.0 17.0 17.0
17.0 17.0 17.0 17.0 17.0 17.0
17.0 17.0 17.0 17.0 17.0 17.0
17.0 17.0 17.0 17.0 17.0 17.0
17.0 17.0 17.0 17.0 17.0 17.0
17.0 17.0 17.0 17.0 17.0 17.0
17.0 17.0 17.0 17.0 17.0 17.0
17.0 17.0 17.0 17.0 17.0 17.0
17.0 17.0 17.0 17.0 17.0 17.0
17.0 17.0 17.0 17.0 17.0 17.0
17.0 17.0 17.0 17.0 17.0 17.0
17.0 17.0 17.0 17.0 17.0 17.0
17.0 17.0 17.0 17.0 17.0 17.0
17.0 17.0 17.0 17.0 17.0 17.0
17.0 17.0 17.0 17.0 17.0 17.0
17.0 17.0 17.0 17.0 17.0 17.0
17.0 17.0 17.0 17.0 17.0 17.0
17.0 17.0 17.0 17.0 17.0 17.0
17.0 17.0 17.0 17.0 17.0 17.0
17.0 17.0 17.0 17.0 17.0 17.0
17.0 17.0 17.0 17.0 17.0 17.0
17.0 17.0 17.0 17.0 17.0 17.0
17.0 17.0 17.0 17.0 17.0 17.0
17.0 17.0 17.0 17.0 17.0 17.0
17.0 17.0 17.0 17.0 17.0 17.0
17.0 17.0 17.0 17.0 17.0 17.0
17.0 17.0 17.0 17.0 17.0 17.0
17.0 17.0 17.0 17.0 17.0 17.0
17.0 17.0 17.0 17.0 17.0 17.0
17.0 17.0 17.0 17.0 17.0 17.0
17.0 17.0 17.0 17.0 17.0 17.0
17.0 17.0 17.0 17.0 17.0 17.0
17.0 17.0 17.0 17.0 17.0 17.0
17.0 17.0 17.0 17.0 17.0 17.0
17.0 17.0 17.0 17.0 17.0 17.0
17.0 17.0 17.0 17.0 17.0 17.0
17.0 17.0 17.0 17.0 17.0 17.0
17.0 17.0 17.0 17.0 17.0 17.0
17.0 17.0 17.0 17.0 17.0 17.0
17.0 17.0 17.0 17.0 17.0 17.0
17.0 17.0 17.0 17.0 17.0 17.0
17.0 17.0 17.0 17.0 17.0 17.0
17.0 17.0 17.0 17.0 17.0 17.0
17.0 17.0 17.0 17.0 17.0 17.0
17.0 17.0 17.0 17.0 17.0 17.0
17.0 17.0 17.0 17.0 17.0 17.0
17.0 17.0 17.0 17.0 17.0 17.0
17.0 17.0 17.0 17.0 17.0 17.0
17.0 17.0 17.0 17.0 17.0 17.0
17.0 17.0 17.0 17.0 17.0 17.0
17.0 17.0 17.0 17.0 17.0 17.0
17.0 17.0 17.0 17.0 17.0 17.0
17.0 17.0 17.0 17.0 17.0 17.0
17.0 17.0 17.0 17.0 17.0 17.0
17.0 17.0 17.0 17.0 17.0 17.0
17.0 17.0 17.0 17.0 17.0 17.0
17.0 17.0 17.0 17.0 17.0 17.0
17.0 17.0 17.0 17.0 17.0 17.0
17.0 17.0 17.0 17.0 17.0 17.0
17.0 17.0 17.0 17.0 17.0 17.0
17.0 17.0 17.0 17.0 17.0 17.0
17.0 17.0 17.0 17.0 17.0 17.0
17.0 17.0 17.0 17.0 17.0 17.0
17.0 17.0 17.0 17.0 17.0 17.0
17.0 17.0 17.0 17.0 17.0 17.0
17.0 17.0 17.0 17.0 17.0 17.0
17.0 17.0 17.0 17.0 17.0 17.0
17.0 17.0 17.0 17.0 17.0 17.0
17.0 17.0 17.0 17.0 17.0 17.0
17.0 17.0 17.0 17.0 17.0 17.0
17.0 17.0 17.0 17.0 17.0 17.0
17.0 17.0 17.0 17.0 17.0 17.0
17.0 17.0 17.0 17.0 17.0 17.0
17.0 17.0 17.0 17.0 17.0 17.0
17.0 17.0 17.0 17.0 17.0 17.0
17.0 17.0 17.0 17.0 17.0 17.0
17.0 17.0 17.0 17.0 17.0 17.0
17.0 17.0 17.0 17.0 17.0 17.0
17.0 17.0 17.0 17.0 17.0 17.0
17.0 17.0 17.0 17.0 17.0 17.0
17.0 17.0 17.0 17.0 17.0 17.0
17.0 17.0 17.0 17.0 17.0 17.0
17.0 17.0 17.0 17.0 17.0 17.0
17.0 17.0 17.0 17.0 17.0 17.0
17.0 17.0 17.0 17.0 17.0 17.0
17.0 17.0 17.0 17.0 17.0 17.0
17.0 17.0 17.0 17.0 17.0 17.0
17.0 17.0 17.0 17.0 17.0 17.0
17.0 17.0 17.0 17.0 17.0 17.0
17.0 17.0 17.0 17.0 17.0 17.0
17.0 17.0 17.0 17.0 17.0 17.0
17.0 17.0 17.0 17.0 17.0 17.0
17.0 17.0 17.0 17.0 17.0 17.0
17.0 17.0 17.0 17.0 17.0 17.0
17.0 17.0 17.0 17.0 17.0 17.0
17.0 17.0 17.0 17.0 17.0 17.0
17.0 17.0 17.0 17.0 17.0 17.0
17.0 17.0 17.0 17.0 17.0 17.0
17.0 17.0 17.0 17.0 17.0 17.0
17.0 17.0 17.0 17.0 17.0 17.0
17.0 17.0 17.0 17.0 17.0 17.0
17.0 17.0 17.0 17.0 17.0 17.0
17.0 17.0 17.0 17.0 17.0 17.0
17.0 17.0 17.0 17.0 17.0 17.0
17.0 17.0 17.0 17.0 17.0 17.0
17.0 17.0 17.0 17.0 17.0 17.0
17.0 17.0 17.0 17.0 17.0 17.0
17.0 17.0 17.0 17.0 17.0 17.0
17.0 17.0 17.0 17.0 17.0 17.0
17.0 17.0 17.0 17.0 17.0 17.0
17.0 17.0 17.0 17.0 17.0 17.0
17.0 17.0 17.0 17.0 17.0 17.0
17.0 17.0 17.0 17.0 17.0 17.0
17.0 17.0 17.0 17.0 17.0 17.0
17.0 17.0 17.0 17.0 17.0 17.0
17.0 17.0 17.0 17.0 17.0 17.0
17.0 17.0 17.0 17.0 17.0 17.0
17.0 17.0 17.0 17.0 17.0 17.0
17.0 17.0 17.0 17.0 17.0 17.0
17.0 17.0 17.0 17.0 17.0 17.0
17.0 17.0 17.0 17.0 17.0 17.0
17.0 17.0 17.0 17.0 17.0 17.0
17.0 17.0 17.0 17.0 17.0 17.0
17.0 17.0 17.0 17.0 17.0 17.0
17.0 17.0 17.0 17.0 17.0 17.0
17.0 17.0 17.0 17.0 17.0 17.0
17.0 17.0 17.0 17.0 17.0 17.0
17.0 17.0 17.0 17.0 17.0 17.0
17.0 17.0 17.0 17.0 17.0 17.0
17.0 17.0 17.0 17.0 17.0 17.0
17.0 17.0 17.0 17.0 17.0 17.0
17.0 17.0 17.0 17.0 17.0 17.0
17.0 17.0 17.0 17.0 17.0 17.0
17.0 17.0 17.0 17.0 17.0 17.0
17.0 17.0 17.0 17.0 17.0 17.0
17.0 17.0 17.0 17.0 17.0 17.0
17.0 17.0 17.0 17.0 17.0 17.0
17.0 17.0 17.0 17.0 17.0 17.0
17.0 17.0 17.0 17.0 17.0 17.0
17.0 17.0 17.0 17.0 17.0 17.0
17.0 17.0 17.0 17.0 17.0 17.0
17.0 17.0 17.0 17.0 17.0 17.0
17.0 17.0 17.0 17.0 17.0 17.0
17.0 17.0 17.0 17.0 17.0 17.0
17.0 17.0 17.0 17.0 17.0 17.0
17.0 17.0 17.0 17.0 17.0 17.0
17.0 17.0 17.0 17.0 17.0 17.0
17.0 17.0 17.0 17.0 17.0 17.0
17.0 17.0 17.0 17.0 17.0 17.0
17.0 17.0 17.0 17.0 17.0 17.0
17.0 17.0 17.0 17.0 17.0 17.0
17.0 17.0 17.0 17.0 17.0 17.0
17.0 17.0 17.0 17.0 17.0 17.0
17.0 17.0 17.0 17.0 17.0 17.0
17.0 17.0 17.0 17.0 17.0 17.0
17.0 17.0 17.0 17.0 17.0 17.0
17.0 17.0 17.0 17.0 17.0 17.0
17.0 17.0 17.0 17.0 17.0 17.0
17.0 17.0 17.0 17.0 17.0 17.0
17.0 17.0 17.0 17.0 17.0 17.0
17.0 17.0 17.0 17.0 17.0 17.0
17.0 17.0 17.0 17.0 17.0 17.0
17.0 17.0 17.0 17.0 17.0 17.0
17.0 17.0 17.0 17.0 17.0 17.0
17.0 17.0 17.0 17.0 17.0 17.0
17.0 17.0 17.0 17.0 17.0 17.0
17.0 17.0 17.0 17.0 17.0 17.0
17.0 17.0 17.0 17.0 17.0 17.0
17.0 17.0 17.0 17.0 17.0 17.0
17.0 17.0 17.0 17.0 17.0 17.0
17.0 17.0 17.0 17.0 17.0 17.0
17.0 17.0 17.0 17.0 17.0 17.0
17.0 17.0 17.0 17.0 17.0 17.0
17.0 17.0 17.0 17.0 17.0 17.0
17.0 17.0 17.0 17.0 17.0 17.0
17.0 17.0 17.0 17.0 17.0 17.0
17.0 17.0 17.0 17.0 17.0 17.0
17.0 17.0 17.0 17.0 17.0 17.0
17.0 17.0 17.0 17.0 17.0 17.0
17.0 17.0 17.0 17.0 17.0 17.0
17.0 17.0 17.0 17.0 17.0 17.0
17.0 17.0 17.0 17.0 17.0 17.0
17.0 17.0 17.0 17.0 17.0 17.0
17.0 17.0 17.0 17.0 17.0 17.0
17.0 17.0 17.0 17.0 17.0 17.0
17.0 17.0 17.0 17.0 17.0 17.0
17.0 17.0 17.0 17.0 17.0 17.0
17.0 17.0 17.0 17.0 17.0 17.0
17.0 17.0 17.0 17.0 17.0 17.0
17.0 17.0 17.0 17.0 17.0 17.0
17.0 17.0 17.0 17.0 17.0 17.0
17.0 17.0 17.0 17.0 17.0 17.0
17.0 17.0 17.0 17.0 17.0 17.0
17.0 17.0 17.0 17.0 17.0 17.0
17.0 17.0 17.0 17.0 17.0 17.0
17.0 17.0 17.0 17.0 17.0 17.0
17.0 17.0 17.0 17.0 17.0 17.0
17.0 17.0 17.0 17.0 17.0 17.0
17.0 17.0 17.0 17.0 17.0 17.0
17.0 17.0 17.0 17.0 17.0 17.0
17.0 17.0 17.0 17.0 17.0 17.0
17.0 17.0 17.0 17.0 17.0 17.0
17.0 17.0 17.0 17.0 17.0 17.0
17.0 17.0 17.0 17.0 17.0 17.0
17.0 17.0 17.0 17.0 17.0 17.0
17.0 17.0 17.0 17.0 17.0 17.0
17.0 17.0 17.0 17.0 17.0 17.0
17.0 17.0 17.0 17.0 17.0 17.0
17.0 17.0 17.0 17.0 17.0 17.0
17.0 17.0 17.0 17.0 17.0 17.0
17.0 17.0 17.0 17.0 17.0 17.0
17.0 17.0 17.0 17.0 17.0 17.0
17.0 17.0 17.0 17.0 17.0 17.0
17.0 17.0 17.0 17.0 17.0 17.0
17.0 17.0 17.0 17.0 17.0 17.0
17.0 17.0 17.0 17.0 17.0 17.0
17.0 17.0 17.0 17.0 17.0 17.0
17.0 17.0 17.0 17.0 17.0 17.0
17.0 17.0 17.0 17.0 17.0 17.0
17.0 17.0 17.0 17.0 17.0 17.0
17.0 17.0 17.0 17.0 17.0 17.0
17.0 17.0 17.0 17.0 17.0 17.0
17.0 17.0 17.0 17.0 17.0 17.0
17.0 17.0 17.0 17.0 17.0 17.0
17.0 17.0 17.0 17.0 17.0 17.0
17.0 17.0 17.0 17.0 17.0 17.0
17.0 17.0 17.0 17.0 17.0 17.0
17.0 17.0 17.0 17.0 17.0 17.0
17.0 17.0 17.0 17.0 17.0 17.0
17.0 17.0 17.0 17.0 17.0 17.0
17.0 17.0 17.0 17.0 17.0 17.0
17.0 17.0 17.0 17.0 17.0 17.0
17.0 17.0 17.0 17.0 17.0 17.0
17.0 17.0 17.0 17.0 17.0 17.0
17.0 17.0 17.0 17.0 17.0 17.0
17.0 17.0 17.0 17.0 17.0 17.0
17.0 17.0 17.0 17.0 17.0 17.0
17.0 17.0 17.0 17.0 17.0 17.0
17.0 17.0 17.0 17.0 17.0 17.0
17.0 17.0 17.0 17.0 17.0 17.0
17.0 17.0 17.0 17.0 17.0 17.0
17.0 17.0 17.0 17.0 17.0 17.0
17.0 17.0 17.0 17.0 17.0 17.0
17.0 17.0 17.0 17.0 17.0 17.0
17.0 17.0 17.0 17.0 17.0 17.0
17.0 17.0 17.0 17.0 17.0 17.0
17.0 17.0 17.0 17.0 17.0 17.0
17.0 17.0 17.0 17.0 17.0 17.0
17.0 17.0 17.0 17.0 17.0 17.0
17.0 17.0 17.0 17.0 17.0 17.0
17.0 17.0 17.0 17.0 17.0 17.0
17.0 17.0 17.0 17.0 17.0 17.0
17.0 17.0 17.0 17.0 17.0 17.0
17.0 17.0 17.0 17.0 17.0 17.0
17.0 17.0 17.0 17.0 17.0 17.0
17.0 17.0 17.0 17.0 17.0 17.0
17.0 17.0 17.0 17.0 17.0 17.0
17.0 17.0 17.0 17.0 17.0 17.0
17.0 17.0 17.0 17.0 17.0 17.0
17.0 17.0 17.0 17.0 17.0 17.0
17.0 17.0 17.0 17.0 17.0 17.0
17.0 17.0 17.0 17.0 17.0 17.0
17.0 17.0 17.0 17.0 17.0 17.0
17.0 17.0 17.0 17.0 17.0 17.0
17.0 17.0 17.0 17.0 17.0 17.0
17.0 17.0 17.0 17.0 17.0 17.0
17.0 17.0 17.0 17.0 17.0 17.0
17.0 17.0 17.0 17.0 17.0 17.0
17.0 17.0 17.0 17.0 17.0 17.0
17.0 17.0 17.0 17.0 17.0 17.0
17.0 17.0 17.0 17.0 17.0 17.0
17.0 17.0 17.0 17.0 17.0 17.0
17.0 17.0 17.0 17.0 17.0 17.0
17.0 17.0 17.0 17.0 17.0 17.0
17.0 17.0 17.0 17.0 17.0 17.0
17.0 17.0 17.0 17.0 17.0 17.0
17.0 17.0 17.0 17.0 17.0 17.0
17.0 17.0 17.0 17.0 17.0 17.0
17.0 17.0 17.0 17.0 17.0 17.0
17.0 17.0 17.0 17.0 17.0 17.0
17.0 17.0 17.0 17.0 17.0 17.0
17.0 17.0 17.0 17.0 17.0 17.0
17.0 17.0 17.0 17.0 17.0 17.0
17.0 17.0 17.0 17.0 17.0 17.0
17.0 17.0 17.0 17.0 17.0 17.0
17.0 17.0 17.0 17.0 17.0 17.0
17.0 17.0 17.0 17.0 17.0 17.0
17.0 17.0 17.0 17.0 17.0 17.0
17.0 17.0 17.0 17.0 17.0 17.0
17.0 17.0 17.0 17.0 17.0 17.0
17.0 17.0 17.0 17.0 17.0 17.0
17.0 17.0 17.0 17.0 17.0 17.0
17.0 17.0 17.0 17.0 17.0 17.0
17.0 17.0 17.0 17.0 17.0 17.0
17.0 17.0 17.0 17.0 17.0 17.0
17.0 17.0 17.0 17.0 17.0 17.0
17.0 17.0 17.0 17.0 17.0 17.0
17.0 17.0 17.0 17.0 17.0 17.0
17.0 17.0 17.0 17.0 17.0 17.0
17.0 17.0 17.0 17.0 17.0 17.0
17.0 17.0 17.0 17.0 17.0 17.0
17.0 17.0 17.0 17.0 17.0 17.0
17.0 17.0 17.0 17.0 17.0 17.0
17.0 17.0 17.0 17.0 17.0 17.0
17.0 17.0 17.0 17.0 17.0 17.0
17.0 17.0 17.0 17.0 17.0 17.0
17.0 17.0 17.0 17.0 17.0 17.0
17.0 17.0 17.0 17.0 17.0 17.0
17.0 17.0 17.0 17.0 17.0 17.0
17.0 17.0 17.0 17.0 17.0 17.0
17.0 17.0 17.0 17.0 17.0 17.0
17.0 17.0 17.0 17.0 17.0 17.0
17.0 17.0 17.0 17.0 17.0 17.0
17.0 17.0 17.0 17.0 17.0 17.0
17.0 17.0 17.0 17.0 17.0 17.0
17.0 17.0 17.0 17.0 17.0 17.0
17.0 17.0 17.0 17.0 17.0 17.0
17.0 17.0 17.0 17.0 17.0 17.0
17.0 17.0 17.0 17.0 17.0 17.0
17.0 17.0 17.0 17.0 17.0 17.0
17.0 17.0 17.0 17.0 17.0 17.0
17.0 17.0 17.0 17.0 17.0 17.0
17.0 17.0 17.0 17.0 17.0 17.0
17.0 17.0 17.0 17.0 17.0 17.0
17.0 17.0 17.0 17.0 17.0 17.0
17.0 17.0 17.0 17.0 17.0 17.0
17.0 17.0 17.0 17.0 17.0 17.0
17.0 17.0 17.0 17.0 17.0 17.0
17.0 17.0 17.0 17.0 17.0 17.0
17.0 17.0 17.0 17.0 17.0 17.0
17.0 17.0 17.0 17.0 17.0 17.0
17.0 17.0 17.0 17.0 17.0 17.0
17.0 17.0 17.0 17.0 17.0 17.0
17.0 17.0 17.0 17.0 17.0 17.0
17.0 17.0 17.0 17.0 17.0 17.0
17.0 17.0 17.0 17.0 17.0 17.0
17.0 17.0 17.0 17.0 17.0 17.0
17.0 17.0 17.0 17.0 17.0 17.0
17.0 17.0 17.0 17.0 17.0 17.0
17.0 17.0 17.0 17.0 17.0 17.0
17.0 17.0 17.0 17.0 17.0 17.0
17.0 17.0 17.0 17.0 17.0 17.0
17.0 17.0 17.0 17.0 17.0 17.0
17.0 17.0 17.0 17.0 17.0 17.0
17.0 17.0 17.0 17.0 17.0 17.0
17.0 17.0 17.0 17.0 17.0 17.0
17.0 17.0 17.0 17.0 17.0 17.0
17.0 17.0 17.0 17.0 17.0 17.0
17.0 17.0 17.0 17.0 17.0 17.0
17.0 17.0 17.0 17.0 17.0 17.0
17.0 17.0 17.0 17.0 17.0 17.0
17.0 17.0 17.0 17.0 17.0 17.0
17.0 17.0 17.0 17.0 17.0 17.0
17.0 17.0 17.0 17.0 17.0 17.0
17.0 17.0 17.0 17.0 17.0 17.0
17.0 17.0 17.0 17.0 17.0 17.0
17.0 17.0 17.0 17.0 17.0 17.0
17.0 17.0 17.0 17.0 17.0 17.0
17.0 17.0 17.0 17.0 17.0 17.0
17.0 17.0 17.0 17.0 17.0 17.0
17.0 17.0 17.0 17.0 17.0 17.0
17.0 17.0 17.0 17.0 17.0 17.0
17.0 17.0 17.0 17.0 17.0 17.0
17.0 17.0 17.0 17.0 17.0 17.0
17.0 17.0 17.0 17.0 17.0 17.0
17.0 17.0 17.0 17.0 17.0 17.0
17.0 17.0 17.0 17.0 17.0 17.0
17.0 17.0 17.0 17.0 17.0 17.0
17.0 17.0 17.0 17.0 17.0 17.0
17.0 17.0 17.0 17.0 17.0 17.0
17.0 17.0 17.0 17.0 17.0 17.0
17.0 17.0 17.0 17.0 17.0 17.0
17.0 17.0 17.0 17.0 17.0 17.0
17.0 17.0 17.0 17.0 17.0 17.0
17.0 17.0 17.0 17.0 17.0 17.0
17.0 17.0 17.0 17.0 17.0 17.0
17.0 17.0 17.0 17.0 17.0 17.0
17.0 17.0 17.0 17.0 17.0 17.0
17.0 17.0 17.0 17.0 17.0 17.0
17.0 17.0 17.0 17.0 17.0 17.0
17.0 17.0 17.0 17.0 17.0 17.0
17.0 17.0 17.0 17.0 17.0 17.0
17.0 17.0 17.0 17.0 17.0 17.0
17.0 17.0 17.0 17.0 17.0 17.0
17.0 17.0 17.0 17.0 17.0 17.0
17.0 17.0 17.0 17.0 17.0 17.0
17.0 17.0 17.0 17.0 17.0 17.0
17.0 17.0 17.0 17.0 17.0 17.0
17.0 17.0 17.0 17.0 17.0 17.0
17.0 17.0 17.0 17.0 17.0 17.0
17.0 17.0 17.0 17.0 17.0 17.0
17.0 17.0 17.0 17.0 17.0 17.0
17.0 17.0 17.0 17.0 17.0 17.0
17.0 17.0 17.0 17.0 17.0 17.0
17.0 17.0 17.0 17.0 17.0 17.0
17.0 17.0 17.0 17.0 17.0 17.0
17.0 17.0 17.0 17.0 17.0 17.0
17.0 17.0 17.0 17.0 17.0 17.0
17.0 17.0 17.0 17.0 17.0 17.0
17.0 17.0 17.0 17.0 17.0 17.0
17.0 17.0 17.0 17.0 17.0 17.0
17.0 17.0 17.0 17.0 17.0 17.0
17.0 17.0 17.0 17.0 17.0 17.0
17.0 17.0 17.0 17.0 17.0 17.0
17.0 17.0 17.0 17.0 17.0 17.0
17.0 17.0 17.0 17.0 17.0 17.0
17.0 17.0 17.0 17.0 17.0 17.0
17.0 17.0 17.0 17.0 17.0 17.0
17.0 17.0 17.0 17.0 17.0 17.0
17.0 17.0 17.0 17.0 17.0 17.0
17.0 17.0 17.0 17.0 17.0 17.0
17.0 17.0 17.0 17.0 17.0 17.0
17.0 17.0 17.0 17.0 17.0 17.0
17.0 17.0 17.0 17.0 17.0 17.0
17.0 17.0 17.0 17.0 17.0 17.0
17.0 17.0 17.0 17.0 17.0 17.0
17.0 17.0 17.0 17.0 17.0 17.0
17.0 17.0 17.0 17.0 17.0 17.0
17.0 17.0 17.0 17.0 17.0 17.0
17.0 17.0 17.0 17.0 17.0 17.0
17.0 17.0 17.0 17.0 17.0 17.0
17.0 17.0 17.0 17.0 17.0 17.0
17.0 17.0 17.0 17.0 17.0 17.0
17.0 17.0 17.0 17.0 17.0 17.0
17.0 17.0 17.0 17.0 17.0 17.0
17.0 17.0 17.0 17.0 17.0 17.0
17.0 17.0 17.0 17.0 17.0 17.0
17.0 17.0 17.0 17.0 17.0 17.0
17.0 17.0 17.0 17.0 17.0 17.0
17.0 17.0 17.0 17.0 17.0 17.0
17.0 17.0 17.0 17.0 17.0 17.0
17.0 17.0 17.0 17.0 17.0 17.0
17.0 17.0 17.0 17.0 17.0 17.0
17.0 17.0 17.0 17.0 17.0 17.0
17.0 17.0 17.0 17.0 17.0 17.0
17.0 17.0 17.0 17.0 17.0 17.0
17.0 17.0 17.0 17.0 17.0 17.0
17.0 17.0 17.0 17.0 17.0 17.0
17.0 17.0 17.0 17.0 17.0 17.0
17.0 17.0 17.0 17.0 17.0 17.0
17.0 17.0 17.0 17.0 17.0 17.0
17.0 17.0 17.0 17.0 17.0 17.0
17.0 17.0 17.0 17.0 17.0 17.0
17.0 17.0 17.0 17.0 17.0 17.0
17.0 17.0 17.0 17.0 17.0 17.0
17.0 17.0 17.0 17.0 17.0 17.0
17.0 17.0 17.0 17.0 17.0 17.0
17.0 17.0 17.0 17.0 17.0 17.0
17.0 17.0 17.0 17.0 17.0 17.0
17.0 17.0 17.0 17.0 17.0 17.0
17.0 17.0 17.0 17.0 17.0 17.0
17.0 17.0 17.0 17.0 17.0 17.0
17.0 17.0 17.0 17.0 17.0 17.0
17.0 17.0 17.0 17.0 17.0 17.0
17.0 17.0 17.0 17.0 17.0 17.0
17.0 17.0 17.0 17.0 17.0 17.0
17.0 17.0 17.0 17.0 17.0 17.0
17.0 17.0 17.0 17.0 17.0 17.0
17.0 17.0 17.0 17.0 17.0 17.0
17.0 17.0 17.0 17.0 17.0 17.0
17.0 17.0 17.0 17.0 17.0 17.0
17.0 17.0 17.0 17.0 17.0 17.0
17.0 17.0 17.0 17.0 17.0 17.0
17.0 17.0 17.0 17.0 17.0 17.0
17.0 17.0 17.0 17.0 17.0 17.0
17.0 17.0 17.0 17.0 17.0 17.0
17.0 17.0 17.0 17.0 17.0 17.0
17.0 17.0 17.0 17.0 17.0 17.0
17.0 17.0 17.0 17.0 17.0 17.0
17.0 17.0 17.0 17.0 17.0 17.0
17.0 17.0 17.0 17.0 17.0 17.0
17.0 17.0 17.0 17.0 17.0 17.0
17.0 17.0 17.0 17.0 17.0 17.0
17.0 17.0 17.0 17.0 17.0 17.0
17.0 17.0 17.0 17.0 17.0 17.0
17.0 17.0 17.0 17.0 17.0 17.0
17.0 17.0 17.0 17.0 17.0 17.0
17.0 17.0 17.0 17.0 17.0 17.0
17.0 17.0 17.0 17.0 17.0 17.0
17.0 17.0 17.0 17.0 17.0 17.0
17.0 17.0 17.0 17.0 17.0 17.0
17.0 17.0 17.0 17.0 17.0 17.0
17.0 17.0 17.0 17.0 17.0 17.0
17.0 17.0 17.0 17.0 17.0 17.0
17.0 17.0 17.0 17.0 17.0 17.0
17.0 17.0 17.0 17.0 17.0 17.0
17.0 17.0 17.0 17.0 17.0 17.0
17.0 17.0 17.0 17.0 17.0 17.0
17.0 17.0 17.0 17.0 17.0 17.0
17.0 17.0 17.0 17.0 17.0 17.0
17.0 17.0 17.0 17.0 17.0 17.0
17.0 17.0 17.0 17.0 17.0 17.0
17.0 17.0 17.0 17.0 17.0 17.0
17.0 17.0 17.0 17.0 17.0 17.0
17.0 17.0 17.0 17.0 17.0 17.0
17.0 17.0 17.0 17.0 17.0 17.0
17.0 17.0 17.0 17.0 17.0 17.0
17.0 17.0 17.0 17.0 17.0 17.0
17.0 17.0 17.0 17.0 17.0 17.0
17.0 17.0 17.0 17.0 17.0 17.0
17.0 17.0 17.0 17.0 17.0 17.0
17.0 17.0 17.0 17.0 17.0 17.0
17.0 17.0 17.0 17.0 17.0 17.0
17.0 17.0 17.0 17.0 17.0 17.0
17.0 17.0 17.0 17.0 17.0 17.0
17.0 17.0 17.0 17.0 17.0 17.0
17.0 17.0 17.0 17.0 17.0 17.0
17.0 17.0 17.0 17.0 17.0 17.0
17.0 17.0 17.0 17.0 17.0 17.0
17.0 17.0 17.0 17.0 17.0 17.0
17.0 17.0 17.0 17.0 17.0 17.0
17.0 17.0 17.0 17.0 17.0 17.0
17.0 17.0 17.0 17.0 17.0 17.0
17.0 17.0 17.0 17.0 17.0 17.0
17.0 17.0 17.0 17.0 17.0 17.0
17.0 17.0 17.0 17.0 17.0 17.0
17.0 17.0 17.0 17.0 17.0 17.0
17.0 17.0 17.0 17.0 17.0 17.0
17.0 17.0 17.0 17.0 17.0 17.0
17.0 17.0 17.0 17.0 17.0 17.0
17.0 17.0 17.0 17.0 17.0 17.0
17.0 17.0 17.0 17.0 17.0 17.0
17.0 17.0 17.0 17.0 17.0 17.0
17.0 17.0 17.0 17.0 17.0 17.0
17.0 17.0 17.0 17.0 17.0 17.0
17.0 17.0 17.0 17.0 17.0 17.0
17.0 17.0 17.0 17.0 17.0 17.0
17.0 17.0 17.0 17.0 17.0 17.0
17.0 17.0 17.0 17.0 17.0 17.0
17.0 17.0 17.0 17.0 17.0 17.0
17.0 17.0 17.0 17.0 17.0 17.0
17.0 17.0 17.0 17.0 17.0 17.0
17.0 17.0 17.0 17.0 17.0 17.0
17.0 17.0 17.0 17.0 17.0 17.0
17.0 17.0 17.0 17.0 17.0 17.0
17.0 17.0 17.0 17.0 17.0 17.0
17.0 17.0 17.0 17.0 17.0 17.0
17.0 17.0 17.0 17.0 17.0 17.0
17.0 17.0 17.0 17.0 17.0 17.0
17.0 17.0 17.0 17.0 17.0 17.0
17.0 17.0 17.0 17.0 17.0 17.0
17.0 17.0 17.0 17.0 17.0 17.0
17.0 17.0 17.0 17.0 17.0 17.0
17.0 17.0 17.0 17.0 17.0 17.0
17.0 17.0 17.0 17.0 17.0 17.0
17.0 17.0 17.0 17.0 17.0 17.0
17.0 17.0 17.0 17.0 17.0 17.0
17.0 17.0 17.0 17.0 17.0 17.0
17.0 17.0 17.0 17.0 17.0 17.0
17.0 17.0 17.0 17.0 17.0 17.0
17.0 17.0 17.0 17.0 17.0 17.0
17.0 17.0 17.0 17.0 17.0 17.0
17.0 17.0 17.0 17.0 17.0 17.0
17.0 17.0 17.0 17.0 17.0 17.0
17.0 17.0 17.0 17.0 17.0 17.0
17.0 17.0 17.0 17.0 17.0 17.0
17.0 17.0 17.0 17.0 17.0 17.0
17.0 17.0 17.0 17.0 17.0 17.0
17.0 17.0 17.0 17.0 17.0 17.0
17.0 17.0 17.0 17.0 17.0 17.0
17.0 17.0 17.0 17.0 17.0 17.0
17.0 17.0 17.0 17.0 17.0 17.0
17.0 17.0 17.0 17.0 17.0 17.0
17.0 17.0 17.0 17.0 17.0 17.0
17.0 17.0 17.0 17.0 17.0 17.0
17.0 17.0 17.0 17.0 17.0 17.0
17.0 17.0 17.0 17.0 17.0 17.0
17.0 17.0 17.0 17.0 17.0 17.0
17.0 17.0 17.0 17.0 17.0 17.0
17.0 17.0 17.0 17.0 17.0 17.0
17.0 17.0 17.0 17.0 17.0 17.0
17.0 17.0 17.0 17.0 17.0 17.0
17.0 17.0 17.0 17.0 17.0 17.0
17.0 17.0 17.0 17.0 17.0 17.0
17.0 17.0 17.0 17.0 17.0 17.0
17.0 17.0 17.0 17.0 17.0 17.0
17.0 17.0 17.0 17.0 17.0 17.0
17.0 17.0 17.0 17.0 17.0 17.0
17.0 17.0 17.0 17.0 17.0 17.0
17.0 17.0 17.0 17.0 17.0 17.0
17.0 17.0 17.0 17.0 17.0 17.0
17.0 17.0 17.0 17.0 17.0 17.0
17.0 17.0 17.0 17.0 17.0 17.0
17.0 17.0 17.0 17.0 17.0 17.0
17.0 17.0 17.0 17.0 17.0 17.0
17.0 17.0 17.0 17.0 17.0 17.0
17.0 17.0 17.0 17.0 17.0 17.0
17.0 17.0 17.0 17.0 17.0 17.0
17.0 17.0 17.0 17.0 17.0 17.0
17.0 17.0 17.0 17.0 17.0 17.0
17.0 17.0 17.0 17.0 17.0 17.0
17.0 17.0 17.0 17.0 17.0 17.0
17.0 17.0 17.0 17.0 17.0 17.0
17.0 17.0 17.0 17.0 17.0 17.0
17.0 17.0 17.0 17.0 17.0 17.0
17.0 17.0 17.0 17.0 17.0 17.0
17.0 17.0 17.0 17.0 17.0 17.0
17.0 17.0 17.0 17.0 17.0 17.0
17.0 17.0 17.0 17.0 17.0 17.0
17.0 17.0 17.0 17.0 17.0 17.0
17.0 17.0 17.0 17.0 17.0 17.0
17.0 17.0 17.0 17.0 17.0 17.0
17.0 17.0 17.0 17.0 17.0 17.0
17.0 17.0 17.0 17.0 17.0 17.0
17.0 17.0 17.0 17.0 17.0 17.0
17.0 17.0 17.0 17.0 17.0 17.0
17.0 17.0 17.0 17.0 17.0 17.0
17.0 17.0 17.0 17.0 17.0 17.0
17.0 17.0 17.0 17.0 17.0 17.0
17.0 17.0 17.0 17.0 17.0 17.0
17.0 17.0 17.0 17.0 17.0 17.0
17.0 17.0 17.0 17.0 17.0 17.0
17.0 17.0 17.0 17.0 17.0 17.0
17.0 17.0 17.0 17.0 17.0 17.0
17.0 17.0 17.0 17.0 17.0 17.0
17.0 17.0 17.0 17.0 17.0 17.0
17.0 17.0 17.0 17.0 17.0 17.0
17.0 17.0 17.0 17.0 17.0 17.0
17.0 17.0 17.0 17.0 17.0 17.0
17.0 17.0 17.0 17.0 17.0 17.0
17.0 17.0 17.0 17.0 17.0 17.0
17.0 17.0 17.0 17.0 17.0 17.0
17.0 17.0 17.0 17.0 17.0 17.0
17.0 17.0 17.0 17.0 17.0 17.0
17.0 17.0 17.0 17.0 17.0 17.0
17.0 17.0 17.0 17.0 17.0 17.0
17.0 17.0 17.0 17.0 17.0 17.0
17.0 17.0 17.0 17.0 17.0 17.0
17.0 17.0 17.0 17.0 17.0 17.0
17.0 17.0 17.0 17.0 17.0 17.0
17.0 17.0 17.0 17.0 17.0 17.0
17.0 17.0 17.0 17.0 17.0 17.0
17.0 17.0 17.0 17.0 17.0 17.0
17.0 17.0 17.0 17.0 17.0 17.0
17.0 17.0 17.0 17.0 17.0 17.0
17.0 17.0 17.0 17.0 17.0 17.0
17.0 17.0 17.0 17.0 17.0 17.0
17.0 17.0 17.0 17.0 17.0 17.0
17.0 17.0 17.0 17.0 17.0 17.0
17.0 17.0 17.0 17.0 17.0 17.0
17.0 17.0 17.0 17.0 17.0 17.0
17.0 17.0 17.0 17.0 17.0 17.0
17.0 17.0 17.0 17.0 17.0 17.0
17.0 17.0 17.0 17.0 17.0 17.0
17.0 17.0 17.0 17.0 17.0 17.0
17.0 17.0 17.0 17.0 17.0 17.0
17.0 17.0 17.0 17.0 17.0 17.0
17.0 17.0 17.0 17.0 17.0 17.0
17.0 17.0 17.0 17.0 17.0 17.0
17.0 17.0 17.0 17.0 17.0 17.0
17.0 17.0 17.0 17.0 17.0 17.0
17.0 17.0 17.0 17.0 17.0 17.0
17.0 17.0 17.0 17.0 17.0 17.0
17.0 17.0 17.0 17.0 17.0 17.0
17.0 17.0 17.0 17.0 17.0 17.0
17.0 17.0 17.0 17.0 17.0 17.0
17.0 17.0 17.0 17.0 17.0 17.0
17.0 17.0 17.0 17.0 17.0 17.0
17.0 17.0 17.0 17.0 17.0 17.0
17.0 17.0 17.0 17.0 17.0 17.0
17.0 17.0 17.0 17.0 17.0 17.0
17.0 17.0 17.0 17.0 17.0 17.0
17.0 17.0 17.0 17.0 17.0 17.0
17.0 17.0 17.0 17.0 17.0 17.0
17.0 17.0 17.0 17.0 17.0 17.0
17.0 17.0 17.0 17.0 17.0 17.0
17.0 17.0 17.0 17.0 17.0 17.0
17.0 17.0 17.0 17.0 17.0 17.0
17.0 17.0 17.0 17.0 17.0 17.0
17.0 17.0 17.0 17.0 17.0 17.0
17.0 17.0 17.0 17.0 17.0 17.0
17.0 17.0 17.0 17.0 17.0 17.0
17.0 17.0 17.0 17.0 17.0 17.0
17.0 17.0 17.0 17.0 17.0 17.0
17.0 17.0 17.0 17.0 17.0 17.0
17.0 17.0 17.0 17.0 17.0 17.0
17.0 17.0 17.0 17.0 17.0 17.0
17.0 17.0 17.0 17.0 17.0 17.0
17.0 17.0 17.0 17.0 17.0 17.0
17.0 17.0 17.0 17.0 17.0 17.0
17.0 17.0 17.0 17.0 17.0 17.0
17.0 17.0 17.0 17.0 17.0 17.0
17.0 17.0 17.0 17.0 17.0 17.0
17.0 17.0 17.0 17.0 17.0 17.0
17.0 17.0 17.0 17.0 17.0 17.0
17.0 17.0 17.0 17.0 17.0 17.0
17.0 17.0 17.0 17.0 17.0 17.0
17.0 17.0 17.0 17.0 17.0 17.0
17.0 17.0 17.0 17.0 17.0 17.0
17.0 17.0 17.0 17.0 17.0 17.0
17.0 17.0 17.0 17.0 17.0 17.0
17.0 17.0 17.0 17.0 17.0 17.0
17.0 17.0 17.0 17.0 17.0 17.0
17.0 17.0 17.0 17.0 17.0 17.0
17.0 17.0 17.0 17.0 17.0 17.0
17.0 17.0 17.0 17.0 17.0 17.0
17.0 17.0 17.0 17.0 17.0 17.0
17.0 17.0 17.0 17.0 17.0 17.0
17.0 17.0 17.0 17.0 17.0 17.0
17.0 17.0 17.0 17.0 17.0 17.0
17.0 17.0 17.0 17.0 17.0 17.0
17.0 17.0 17.0 17.0 17.0 17.0
17.0 17.0 17.0 17.0 17.0 17.0
17.0 17.0 17.0 17.0 17.0 17.0
17.0 17.0 17.0 17.0 17.0 17.0
17.0 17.0 17.0 17.0 17.0 17.0
17.0 17.0 17.0 17.0 17.0 17.0
17.0 17.0 17.0 17.0 17.0 17.0
17.0 17.0 17.0 17.0 17.0 17.0
17.0 17.0 17.0 17.0 17.0 17.0
17.0 17.0 17.0 17.0 17.0 17.0
17.0 17.0 17.0 17.0 17.0 17.0
17.0 17.0 17.0 17.0 17.0 17.0
17.0 17.0 17.0 17.0 17.0 17.0
17.0 17.0 17.0 17.0 17.0 17.0
17.0 17.0 17.0 17.0 17.0 17.0
17.0 17.0 17.0 17.0 17.0 17.0
17.0 17.0 17.0 17.0 17.0 17.0
17.0 17.0 17.0 17.0 17.0 17.0
17.0 17.0 17.0 17.0 17.0 17.0
17.0 17.0 17.0 17.0 17.0 17.0
17.0 17.0 17.0 17.0 17.0 17.0
17.0 17.0 17.0 17.0 17.0 17.0
17.0 17.0 17.0 17.0 17.0 17.0
17.0 17.0 17.0 17.0 17.0 17.0
17.0 17.0 17.0 17.0 17.0 17.0
17.0 17.0 17.0 17.0 17.0 17.0
17.0 17.0 17.0 17.0 17.0 17.0
17.0 17.0 17.0 17.0 17.0 17.0
17.0 17.0 17.0 17.0 17.0 17.0
17.0 17.0 17.0 17.0 17.0 17.0
17.0 17.0 17.0 17.0 17.0 17.0
17.0 17.0 17.0 17.0 17.0 17.0
17.0 17.0 17.0 17.0 17.0 17.0
17.0 17.0 17.0 17.0 17.0 17.0
17.0 17.0 17.0 17.0 17.0 17.0
17.0 17.0 17.0 17.0 17.0 17.0
17.0 17.0 17.0 17.0 17.0 17.0
17.0 17.0 17.0 17.0 17.0 17.0
17.0 17.0 17.0 17.0 17.0 17.0
17.0 17.0 17.0 17.0 17.0 17.0
17.0 17.0 17.0 17.0 17.0 17.0
17.0 17.0 17.0 17.0 17.0 17.0
17.0 17.0 17.0 17.0 17.0 17.0
17.0 17.0 17.0 17.0 17.0 17.0
17.0 17.0 17.0 17.0 17.0 17.0
17.0 17.0 17.0 17.0 17.0 17.0
17.0 17.0 17.0 17.0 17.0 17.0
17.0 17.0 17.0 17.0 17.0 17.0
17.0 17.0 17.0 17.0 17.0 17.0
17.0 17.0 17.0 17.0 17.0 17.0
17.0 17.0 17.0 17.0 17.0 17.0
17.0 17.0 17.0 17.0 17.0 17.0
17.0 17.0 17.0 17.0 17.0 17.0
17.0 17.0 17.0 17.0 17.0 17.0
17.0 17.0 17.0 17.0 17.0 17.0
17.0 17.0 17.0 17.0 17.0 17.0
17.0 17.0 17.0 17.0 17.0 17.0
17.0 17.0 17.0 17.0 17.0 17.0
17.0 17.0 17.0 17.0 17.0 17.0
17.0 17.0 17.0 17.0 17.0 17.0
17.0 17.0 17.0 17.0 17.0 17.0
17.0 17.0 17.0 17.0 17.0 17.0
17.0 17.0 17.0 17.0 17.0 17.0
17.0 17.0 17.0 17.0 17.0 17.0
17.0 17.0 17.0 17.0 17.0 17.0
17.0 17.0 17.0 17.0 17.0 17.0
17.0 17.0 17.0 17.0 17.0 17.0
17.0 17.0 17.0 17.0 17.0 17.0
17.0 17.0 17.0 17.0 17.0 17.0
17.0 17.0 17.0 17.0 17.0 17.0
17.0 17.0 17.0 17.0 17.0 17.0
17.0 17.0 17.0 17.0 17.0 17.0
17.0 17.0 17.0 17.0 17.0 17.0
17.0 17.0 17.0 17.0 17.0 17.0
17.0 17.0 17.0 17.0 17.0 17.0
17.0 17.0 17.0 17.0 17.0 17.0
17.0 17.0 17.0 17.0 17.0 17.0
17.0 17.0 17.0 17.0 17.0 17.0
17.0 17.0 17.0 17.0 17.0 17.0
17.0 17.0 17.0 17.0 17.0 17.0
17.0 17.0 17.0 17.0 17.0 17.0
17.0 17.0 17.0 17.0 17.0 17.0
17.0 17.0 17.0 17.0 17.0 17.0
17.0 17.0 17.0 17.0 17.0 17.0
17.0 17.0 17.0 17.0 17.0 17.0
17.0 17.0 17.0 17.0 17.0 17.0
17.0 17.0 17.0 17.0 17.0 17.0
17.0 17.0 17.0 17.0 17.0 17.0
17.0 17.0 17.0 17.0 17.0 17.0
17.0 17.0 17.0 17.0 17.0 17.0
17.0 17.0 17.0 17.0 17.0 17.0
17.0 17.0 17.0 17.0 17.0 17.0
17.0 17.0 17.0 17.0 17.0 17.0
17.0 17.0 17.0 17.0 17.0 17.0
17.0 17.0 17.0 17.0 17.0 17.0
17.0 17.0 17.0 17.0 17.0 17.0
17.0 17.0 17.0 17.0 17.0 17.0
17.0 17.0 17.0 17.0 17.0 17.0
17.0 17.0 17.0 17.0 17.0 17.0
17.0 17.0 17.0 17.0 17.0 17.0
17.0 17.0 17.0 17.0 17.0 17.0
17.0 17.0 17.0 17.0 17.0 17.0
17.0 17.0 17.0 17.0 17.0 17.0
17.0 17.0 17.0 17.0 17.0 17.0
17.0 17.0 17.0 17.0 17.0 17.0
17.0 17.0 17.0 17.0 17.0 17.0
17.0 17.0 17.0 17.0 17.0 17.0
17.0 17.0 17.0 17.0 17.0 17.0
17.0 17.0 17.0 17.0 17.0 17.0
17.0 17.0 17.0 17.0 17.0 17.0
17.0 17.0 17.0 17.0 17.0 17.0
17.0 17.0 17.0 17.0 17.0 17.0
17.0 17.0 17.0 17.0 17.0 17.0
17.0 17.0 17.0 17.0 17.0 17.0
17.0 17.0 17.0 17.0 17.0 17.0
17.0 17.0 17.0 17.0 17.0 17.0
17.0 17.0 17.0 17.0 17.0 17.0
17.0 17.0 17.0 17.0 17.0 17.0
17.0 17.0 17.0 17.0 17.0 17.0
17.0 17.0 17.0 17.0 17.0 17.0
17.0 17.0 17.0 17.0 17.0 17.0
17.0 17.0 17.0 17.0 17.0 17.0
17.0 17.0 17.0 17.0 17.0 17.0
17.0 17.0 17.0 17.0 17.0 17.0
17.0 17.0 17.0 17.0 17.0 17.0
17.0 17.0 17.0 17.0 17.0 17.0
17.0 17.0 17.0 17.0 17.0 17.0
17.0 17.0 17.0 17.0 17.0 17.0
17.0 17.0 17.0 17.0 17.0 17.0
17.0 17.0 17.0 17.0 17.0 17.0
17.0 17.0 17.0 17.0 17.0 17.0
17.0 17.0 17.0 17.0 17.0 17.0
17.0 17.0 17.0 17.0 17.0 17.0
17.0 17.0 17.0 17.0 17.0 17.0
17.0 17.0 17.0 17.0 17.0 17.0
17.0 17.0 17.0 17.0 17.0 17.0
17.0 17.0 17.0 17.0 17.0 17.0
17.0 17.0 17.0 17.0 17.0 17.0
17.0 17.0 17.0 17.0 17.0 17.0
17.0 17.0 17.0 17.0 17.0 17.0
17.0 17.0 17.0 17.0 17.0 17.0
17.0 17.0 17.0 17.0 17.0 17.0
17.0 17.0 17.0 17.0 17.0 17.0
17.0 17.0 17.0 17.0 17.0 17.0
17.0 17.0 17.0 17.0 17.0 17.0
17.0 17.0 17.0 17.0 17.0 17.0
17.0 17.0 17.0 17.0 17.0 17.0
17.0 17.0 17.0 17.0 17.0 17.0
17.0 17.0 17.0 17.0 17.0 17.0
17.0 17.0 17.0 17.0 17.0 17.0
17.0 17.0 17.0 17.0 17.0 17.0
17.0 17.0 17.0 17.0 17.0 17.0
17.0 17.0 17.0 17.0 17.0 17.0
17.0 17.0 17.0 17.0 17.0 17.0
17.0 17.0 17.0 17.0 17.0 17.0
17.0 17.0 17.0 17.0 17.0 17.0
17.0 17.0 17.0 17.0 17.0 17.0
17.0 17.0 17.0 17.0 17.0 17.0
17.0 17.0 17.0 17.0 17.0 17.0
17.0 17.0 17.0 17.0 17.0 17.0
17.0 17.0 17.0 17.0 17.0 17.0
17.0 17.0 17.0 17.0 17.0 17.0
17.0 17.0 17.0 17.0 17.0 17.0
17.0 17.0 17.0 17.0 17.0 17.0
17.0 17.0 17.0 17.0 17.0 17.0
17.0 17.0 17.0 17.0 17.0 17.0
17.0 17.0 17.0 17.0 17.0 17.0
17.0 17.0 17.0 17.0 17.0 17.0
17.0 17.0 17.0 17.0 17.0 17.0
17.0 17.0 17.0 17.0 17.0 17.0
17.0 17.0 17.0 17.0 17.0 17.0
17.0 17.0 17.0 17.0 17.0 17.0
17.0 17.0 17.0 17.0 17.0 17.0
17.0 17.0 17.0 17.0 17.0 17.0
17.0 17.0 17.0 17.0 17.0 17.0
17.0 17.0 17.0 17.0 17.0 17.0
17.0 17.0 17.0 17.0 17.0 17.0
0 0 0 0 0 0
0 0 0 0 0 0
0 0 0 0 0 0
0 0 0 0 0 0
0 0 0 0 0 0
0 0 0 0 0 0
0 0 0 0 0 0
0 0 0 0 0 0
0 0 0 0 0 0
0 0 0 0 0 0
0 0 0 0 0 0
0 0 0 0 0 0
0 0 0 0 0 0
0 0 0 0 0 0
0 0 0 0 0 0
mind
48 52 38 25 42 18 6 15 12 19 33 30 5 6 59 49 15 38 23 33 17 60 20 37 56 56 16 45 40 11 19 51 34 23 11 11 2 53 37 32 59 13 56 2 37 34 25 42 28 42 10 11 52 0 0 0 0 0 0 0 0 0 0 0 31 8 52 29 20 45 28 8 24 43 60 3 29
maxd
96 104 76 50 84 36 12 30 24 38 66 60 10 12 118 98 30 76 46 66 34 120 40 74 112 112 32 90 80 22 38 102 68 46 22 22 4 106 74 64 118 26 112 4 74 68 50 84 56 84 20 22 104 0 0 0 0 0 0 0 0 0 0 0 62 16 104 58 40 90 56 16 48 86 120 6 58
e
0  229 76 268 55 119 177 233 216 73 253 86 166 346 418 335 98 251 368 239 324 391 46 146 412 161 294 102 308 393 217 366 210 186 52 50 26 323 315 135 431 352 2 150 410 404 251 44 227 5 73 478 28 468 19 438 126 440 212 62 458 246 303 136 50 479 63 119 112 390 269 78 308 60 475 179 0
l
600  349 196 388 175 239 297 353 336 193 373 206 286 466 538 455 218 371 488 359 444 511 166 266 532 281 414 222 428 513 337 486 330 306 172 170 146 443 435 255 551 472 122 270 530 524 371 164 347 125 193 598 148 588 139 558 246 560 332 182 578 366 423 256 170 599 183 239 232 510 389 198 428 180 595 299 1000
