nbNodes
77
nbVehi
15
nbServi
6
r
1 1 1 1 1 1
0 0 1 0 0 0
0 0 0 0 1 0
0 0 0 1 0 0
0 0 0 0 1 0
0 0 0 1 0 0
0 0 0 1 0 0
0 1 0 0 0 0
0 0 0 0 1 0
1 0 0 0 0 0
0 1 0 0 0 0
0 0 1 0 0 0
0 0 1 0 0 0
0 0 1 0 0 0
0 0 1 0 0 0
0 0 1 0 0 0
1 0 0 0 0 0
0 1 0 0 0 0
1 0 0 0 0 0
0 0 0 0 1 0
1 0 0 0 0 0
0 0 0 0 0 1
0 0 0 0 0 1
0 0 0 0 1 0
0 1 0 0 0 0
0 1 0 0 0 0
0 0 0 1 0 0
0 0 0 1 0 0
0 0 0 1 0 0
0 0 0 0 0 1
0 0 0 0 0 1
0 0 0 0 1 0
0 0 0 1 0 0
1 0 0 0 0 0
0 0 1 0 0 0
0 0 0 1 0 0
0 1 0 0 0 0
0 0 0 0 1 0
0 0 0 0 0 1
1 0 0 0 0 0
0 1 0 0 0 0
1 0 0 0 0 0
0 0 0 0 1 0
0 0 0 0 0 1
1 0 0 0 0 0
0 0 0 1 0 0
0 0 0 0 1 0
0 0 1 0 0 0
0 0 0 0 0 1
0 0 0 0 1 0
1 0 0 0 0 0
0 0 1 0 0 0
0 0 0 0 0 1
0 0 0 1 0 1
0 0 0 0 1 1
0 0 0 1 1 0
0 0 0 1 1 0
0 0 0 1 1 0
0 0 0 1 0 1
0 0 0 0 1 1
0 0 0 1 0 1
0 0 0 1 0 1
0 0 0 1 1 0
0 0 0 0 1 1
0 1 0 1 0 0
0 0 1 0 0 1
1 0 0 0 0 1
0 0 1 0 0 1
0 0 1 0 1 0
0 0 1 0 1 0
0 1 0 0 1 0
0 1 0 1 0 0
0 1 0 0 0 1
0 1 0 1 0 0
0 1 0 1 0 0
0 1 0 0 1 0
1 1 1 1 1 1
DS
76 75 74 73 72 71 70 69 68 67 66 65 64 63 62 61 60 59 58 57 56 55 54
a
1  0  0  0  0  0
1  1  1  0  0  0
1  0  1  0  0  0
1  0  1  0  0  0
1  0  1  0  0  0
0  0  0  0  0  1
0  0  0  0  1  0
0  0  0  1  1  0
0  0  0  1  1  1
0  0  0  0  0  1
0  0  0  1  0  1
0  0  0  1  1  1
0  0  0  1  1  1
0  0  0  1  0  1
0  0  0  1  1  1
x
62 3 67 11 62 92 52 62 69 62 75 22 39 33 69 82 94 45 82 84 28 95 61 6 64 44 53 73 58 86 86 26 9 77 36 27 47 59 75 98 45 11 76 98 82 1 94 63 84 23 86 66 70 93 49 29 10 38 97 83 16 16 8 86 9 76 3 55 29 83 52 33 20 25 8 0 62
y
19 42 2 19 35 11 28 28 13 3 27 38 1 7 38 14 19 15 33 20 16 33 33 11 40 38 12 40 29 41 32 19 2 22 40 10 47 0 21 23 3 43 9 8 14 25 30 6 29 30 40 35 22 9 45 47 1 18 4 41 12 28 3 25 5 30 9 33 21 35 33 27 26 39 21 0 19
d
0.0 63.324562 17.720045 51.0 16.0 31.04835 13.453624 9.0 9.219544 16.0 15.264338 44.28318 29.206163 31.38471 20.248457 20.615528 32.0 17.464249 24.41311 22.022715 34.132095 35.846897 14.035668 56.568542 21.095022 26.172504 11.401754 23.70654 10.770329 32.55764 27.294687 36.0 55.65968 15.297058 33.42155 36.138622 31.764761 19.235384 13.152946 36.221542 23.345236 56.364883 17.20465 37.64306 20.615528 61.294373 33.83785 13.038404 24.166092 40.5216 31.890438 16.492422 8.5440035 32.572994 29.068884 43.27817 55.027267 24.020824 38.078865 30.413813 46.52956 46.872166 56.32051 24.738634 54.81788 17.804493 59.841457 15.652476 33.06055 26.400757 17.20465 30.083218 42.579338 42.059483 54.037025 64.84597 0.0
63.324562 0.0 75.47185 24.351591 59.413803 94.24436 50.96077 60.63827 72.09022 70.724815 73.545906 19.416489 54.56189 46.09772 66.1211 83.81527 93.8616 49.92995 79.51101 83.9345 36.069378 92.43917 58.694122 31.144823 61.03278 41.19466 58.30952 70.028564 56.515484 83.00603 83.60024 32.526913 40.4475 76.655075 33.06055 40.0 44.28318 70.0 75.0 96.88137 57.31492 8.062258 80.11242 100.90094 83.81527 17.117243 91.787796 69.97142 82.036575 23.323807 83.02409 63.387695 69.92139 95.85927 46.09772 26.476404 41.59327 42.43819 101.390335 80.00625 32.695564 19.104973 39.319206 84.723076 37.48333 73.97973 33.0 52.773098 33.42155 80.305664 49.819675 33.54102 23.345236 22.203604 21.587032 42.107006 63.324562
17.720045 75.47185 0.0 58.5235 33.37664 26.57066 30.016663 26.476404 11.18034 5.0990195 26.24881 57.628117 28.01785 34.36568 36.05551 19.209373 31.906113 25.553865 34.43835 24.758837 41.4367 41.773197 31.575306 61.66036 38.118237 42.72002 17.20465 38.470768 28.460499 43.382023 35.510563 44.38468 58.0 22.36068 49.0408 40.792156 49.24429 8.246211 20.615528 37.44329 22.022715 69.40461 11.401754 31.575306 19.209373 69.89278 38.8973 5.656854 31.906113 52.153618 42.48529 33.01515 20.22375 26.925823 46.615448 58.898216 57.00877 33.12099 30.066593 42.154476 51.971146 57.245087 59.008472 29.832869 58.077534 29.410883 64.381676 33.24154 42.48529 36.67424 34.43835 42.201897 52.773098 55.97321 61.983868 67.02985 17.720045
51.0 24.351591 58.5235 0.0 53.450912 81.394104 41.976185 51.78803 58.30952 53.450912 64.49806 21.954498 33.286633 25.059929 61.03278 71.17584 83.0 34.234486 72.36712 73.00685 17.262676 85.158676 51.92302 9.433981 57.00877 38.078865 42.579338 65.459915 48.052055 78.160095 76.11833 15.0 17.117243 66.068146 32.649654 18.35756 45.607018 51.62364 64.03124 87.0919 37.576588 24.0 65.76473 87.69264 71.17584 11.661903 83.725746 53.600372 73.68175 16.27882 77.88453 57.280014 59.07622 82.607506 46.043457 33.286633 18.027756 27.018513 87.29834 75.28612 8.602325 10.29563 16.27882 75.23962 14.142136 65.9242 12.806249 46.173584 18.110771 73.756355 43.32436 23.409399 11.401754 24.41311 3.6055512 21.954498 51.0
16.0 59.413803 33.37664 53.450912 0.0 38.418747 12.206555 7.0 23.086792 32.0 15.264338 40.112343 41.04875 40.311287 7.615773 29.0 35.77709 26.24881 20.09975 26.627054 38.948685 33.06055 2.236068 60.926186 5.3851647 18.248287 24.698177 12.083046 7.2111025 24.738634 24.186773 39.39543 62.433964 19.849434 26.476404 43.011627 19.209373 35.128338 19.104973 37.94733 36.23534 51.62364 29.529646 45.0 29.0 61.81424 32.38827 29.017237 22.803509 39.319206 24.5153 4.0 15.264338 40.459858 16.40122 35.1141 62.1289 29.410883 46.75468 21.84033 51.42956 46.52956 62.76942 26.0 60.90156 14.866069 64.4748 7.28011 35.846897 21.0 10.198039 30.083218 42.953465 37.215588 55.7853 71.19691 16.0
31.04835 94.24436 26.57066 81.394104 38.418747 0.0 43.462627 34.48188 23.086792 31.04835 23.345236 75.026665 53.935146 59.135437 35.468296 10.440307 8.246211 47.169907 24.166092 12.0415945 64.195015 22.203604 38.013157 86.0 40.311287 55.072678 39.012817 34.669872 38.470768 30.594116 21.84033 66.48308 83.48653 18.601076 63.06346 65.00769 57.628117 34.785053 19.723083 13.416408 47.67599 87.0919 16.124516 6.708204 10.440307 92.070625 19.104973 29.427877 19.697716 71.568146 29.614185 35.383614 24.596748 2.236068 54.81788 72.56032 82.607506 54.451813 8.602325 31.320919 76.00658 77.87811 84.38009 15.231546 83.21658 24.839485 89.02247 43.046486 63.788715 25.632011 45.65085 61.13101 73.545906 72.615425 84.59315 92.65527 31.04835
13.453624 50.96077 30.016663 41.976185 12.206555 43.462627 0.0 10.0 22.671568 26.925823 23.021729 31.622776 29.966648 28.319605 19.723083 33.105892 42.953465 14.764823 30.413813 32.984844 26.832815 43.289722 10.29563 49.0408 16.970562 12.806249 16.03122 24.186773 6.0827627 36.40055 34.234486 27.513634 50.24938 25.70992 20.0 30.805843 19.646883 28.86174 24.04163 46.270943 25.96151 43.65776 30.610456 50.159744 33.105892 51.088158 42.047592 24.596748 32.01562 29.068884 36.05551 15.652476 18.973665 45.188496 17.262676 29.832869 49.92995 17.20465 51.0 33.61547 39.39543 36.0 50.606323 34.132095 48.76474 24.083189 52.554733 5.8309517 24.04163 31.780497 5.0 19.026299 32.06244 29.15476 44.553337 59.05929 13.453624
9.0 60.63827 26.476404 51.78803 7.0 34.48188 10.0 0.0 16.552946 25.0 13.038404 41.231056 35.468296 35.805027 12.206555 24.41311 33.24154 21.400934 20.615528 23.409399 36.05551 33.37664 5.0990195 58.5235 12.165525 20.59126 18.35756 16.27882 4.1231055 27.294687 24.33105 37.107952 59.03389 16.155495 28.635643 39.357338 24.207438 28.160255 14.764823 36.345562 30.232433 53.160137 23.600847 41.18252 24.41311 61.073727 32.06244 22.022715 22.022715 39.051247 26.832815 8.062258 10.0 36.359318 21.400934 38.078865 58.59181 26.0 42.43819 24.698177 48.703182 46.0 59.5063 24.186773 57.77543 14.142136 61.983868 8.602325 33.734257 22.135944 11.18034 29.017237 42.047592 38.600517 54.451813 68.0294 9.0
9.219544 72.09022 11.18034 58.30952 23.086792 23.086792 22.671568 16.552946 0.0 12.206555 15.231546 53.235325 32.31099 36.496574 25.0 13.038404 25.70992 24.083189 23.853722 16.552946 41.109608 32.80244 21.540659 63.03174 27.45906 35.35534 16.03122 27.294687 19.416489 32.75668 25.495098 43.416588 61.0 12.0415945 42.638012 42.107006 40.496914 16.40122 10.0 30.675724 26.0 65.29931 8.062258 29.427877 13.038404 69.050705 30.232433 9.219544 21.931713 49.0408 31.906113 22.203604 9.055386 24.33105 37.735924 52.49762 60.207973 31.400637 29.410883 31.304953 53.009434 55.081757 61.81424 20.808653 60.530983 18.384777 66.1211 24.41311 40.792156 26.076809 26.24881 38.626415 50.695168 51.10773 61.522354 70.21396 9.219544
16.0 70.724815 5.0990195 53.450912 32.0 31.04835 26.925823 25.0 12.206555 0.0 27.294687 53.15073 23.086792 29.274563 35.69314 22.825424 35.77709 20.808653 36.05551 27.802877 36.40055 44.598206 30.016663 56.568542 37.054016 39.357338 12.727922 38.600517 26.305893 44.94441 37.64306 39.39543 53.009434 24.207438 45.221676 35.69314 46.486557 4.2426405 22.203604 41.18252 17.0 64.815125 15.231546 36.345562 22.825424 64.84597 41.868843 3.1622777 34.058773 47.434166 44.102154 32.24903 20.615528 31.575306 43.965897 55.0 52.03845 28.301943 35.014282 43.416588 46.872166 52.35456 54.0 32.55764 53.037724 30.413813 59.3043 30.805843 37.589893 38.27532 31.622776 37.64306 47.88528 51.62364 56.920998 62.072536 16.0
15.264338 73.545906 26.24881 64.49806 15.264338 23.345236 23.021729 13.038404 15.231546 27.294687 0.0 54.129475 44.407207 46.518814 12.529964 14.764823 20.615528 32.31099 9.219544 11.401754 48.270073 20.880613 15.231546 70.83079 17.029387 32.89377 26.627054 13.152946 17.117243 17.804493 12.083046 49.648766 70.5762 5.3851647 41.109608 50.92151 34.4093 31.38471 6.0 23.345236 38.418747 65.96969 18.027756 29.832869 14.764823 74.02702 19.235384 24.186773 9.219544 52.086468 17.029387 12.0415945 7.071068 25.455845 31.622776 50.159744 70.00714 38.078865 31.827662 16.124516 60.876926 59.008472 71.168816 11.18034 69.57011 3.1622777 74.215904 20.880613 46.389652 11.313708 23.769728 42.0 55.00909 51.41984 67.26812 79.71198 15.264338
44.28318 19.416489 57.628117 21.954498 40.112343 75.026665 31.622776 41.231056 53.235325 53.15073 54.129475 0.0 40.718548 32.89377 47.0 64.62198 74.46476 32.526913 60.207973 64.56005 22.803509 73.171036 39.319206 31.38471 42.047592 22.0 40.459858 51.0392 37.107952 64.070274 64.28063 19.416489 38.27532 57.280014 14.142136 28.442924 26.57066 53.037724 55.65968 77.46612 41.880783 12.083046 61.294373 81.706795 64.62198 24.698177 72.443085 52.009613 62.649822 8.062258 64.03124 44.102154 50.596443 76.6942 27.89265 11.401754 38.8973 25.612497 82.346825 61.073727 26.683329 11.661903 37.696156 65.30697 35.468296 54.589375 34.669872 33.37664 18.384777 61.073727 30.413813 15.556349 12.165525 3.1622777 22.022715 43.908997 44.28318
29.206163 54.56189 28.01785 33.286633 41.04875 53.935146 29.966648 35.468296 32.31099 23.086792 44.407207 40.718548 0.0 8.485281 47.63402 44.922153 57.870544 15.231546 53.600372 48.8467 18.601076 64.49806 38.832977 34.48188 46.32494 37.336308 17.804493 51.739735 33.83785 61.7171 56.302753 22.203604 30.016663 43.416588 39.115215 15.0 46.69047 20.024984 41.18252 62.968246 6.3245554 50.47772 37.85499 59.413803 44.922153 44.94441 62.177166 24.5153 53.0 33.12099 61.073727 43.416588 37.44329 54.589375 45.122055 47.07441 29.0 17.029387 58.077534 59.464275 25.495098 35.468296 31.06445 52.773098 30.265491 47.010635 36.878178 35.77709 22.36068 55.605755 34.539833 26.683329 31.400637 40.496914 36.891735 39.012817 29.206163
31.38471 46.09772 34.36568 25.059929 40.311287 59.135437 28.319605 35.805027 36.496574 29.274563 46.518814 32.89377 8.485281 0.0 47.507893 49.497475 62.169125 14.422205 55.470715 52.63079 10.29563 67.23094 38.209946 27.294687 45.276924 32.89377 20.615528 51.855568 33.30165 62.968246 58.60034 13.892444 24.5153 46.486557 33.13608 6.708204 42.379242 26.925823 44.27189 66.94027 12.649111 42.190044 43.046486 65.00769 49.497475 36.71512 65.192024 30.016663 55.542778 25.079872 62.433964 43.27817 39.92493 60.033325 41.231056 40.1995 23.769728 12.083046 64.070274 60.464867 17.720045 27.018513 25.317978 55.97321 24.083189 48.76474 30.066593 34.058773 14.56022 57.306194 32.202484 20.0 23.021729 32.984844 28.653097 33.734257 31.38471
20.248457 66.1211 36.05551 61.03278 7.615773 35.468296 19.723083 12.206555 25.0 35.69314 12.529964 47.0 47.63402 47.507893 0.0 27.294687 31.400637 33.24154 13.928389 23.43075 46.52956 26.476404 9.433981 68.54196 5.3851647 25.0 30.528675 4.472136 14.21267 17.262676 18.027756 47.010635 69.97142 17.888544 33.06055 50.47772 23.769728 39.293766 18.027756 32.649654 42.43819 58.21512 29.832869 41.725292 27.294687 69.2315 26.24881 32.55764 17.492855 46.69047 17.117243 4.2426405 16.03122 37.64306 21.189621 41.0 69.641945 36.891735 44.04543 14.3178215 59.03389 53.935146 70.327805 21.400934 68.47627 10.630146 72.09022 14.866069 43.462627 14.3178215 17.720045 37.64306 50.447994 44.011364 63.324562 78.77182 20.248457
20.615528 83.81527 19.209373 71.17584 29.0 10.440307 33.105892 24.41311 13.038404 22.825424 14.764823 64.62198 44.922153 49.497475 27.294687 0.0 13.0 37.01351 19.0 6.3245554 54.037025 23.021729 28.319605 76.05919 31.622776 44.94441 29.068884 27.513634 28.301943 27.294687 18.439089 56.22277 73.97973 9.433981 52.83938 55.145264 48.104053 26.925823 9.899495 18.35756 38.600517 76.6942 7.81025 17.088007 0.0 81.7435 20.0 20.615528 15.132746 61.13101 26.305893 26.400757 14.422205 12.083046 45.276924 62.433964 73.1642 44.181442 18.027756 27.018513 66.0303 67.46851 74.8131 11.7046995 73.552704 17.088007 79.15807 33.01515 53.460266 21.023796 35.510563 50.695168 63.15061 62.241467 74.330345 83.18654 20.615528
32.0 93.8616 31.906113 83.0 35.77709 8.246211 42.953465 33.24154 25.70992 35.77709 20.615528 74.46476 57.870544 62.169125 31.400637 13.0 0.0 49.162994 18.439089 10.049875 66.068146 14.035668 35.846897 88.362885 36.619667 53.488316 41.59327 29.698484 37.363083 23.409399 15.264338 68.0 86.683334 17.262676 61.68468 67.601776 54.708317 39.824615 19.104973 5.656854 51.546097 86.40023 20.59126 11.7046995 13.0 93.193344 11.0 33.61547 14.142136 71.84706 22.472204 32.24903 24.186773 10.049875 51.971146 70.77429 85.90693 56.008926 15.297058 24.596748 78.31347 78.51752 87.47571 10.0 86.145226 21.095022 91.5478 41.4367 65.03076 19.416489 44.27189 61.522354 74.330345 71.8401 86.023254 95.90099 32.0
17.464249 49.92995 25.553865 34.234486 26.24881 47.169907 14.764823 21.400934 24.083189 20.808653 32.31099 32.526913 15.231546 14.422205 33.24154 37.01351 49.162994 0.0 41.14608 39.319206 17.029387 53.14132 24.083189 39.20459 31.400637 23.021729 8.5440035 37.536648 19.104973 48.548943 44.38468 19.416489 38.27532 32.75668 26.57066 18.681541 32.06244 20.518284 30.594116 53.600372 12.0 44.04543 31.575306 53.460266 37.01351 45.122055 51.24451 20.12461 41.4367 26.627054 48.02083 29.0 25.96151 48.373547 30.265491 35.77709 37.696156 7.615773 53.15073 46.043457 29.15476 31.780497 38.8973 42.201897 37.363083 34.43835 42.426407 20.59126 17.088007 42.941822 19.313208 16.970562 27.313 31.241 37.48333 47.434166 17.464249
24.41311 79.51101 34.43835 72.36712 20.09975 24.166092 30.413813 20.615528 23.853722 36.05551 9.219544 60.207973 53.600372 55.470715 13.928389 19.0 18.439089 41.14608 0.0 13.152946 56.61272 13.0 21.0 79.12016 19.313208 38.327538 35.805027 11.401754 24.33105 8.944272 4.1231055 57.72348 79.30952 12.083046 46.52956 59.615433 37.696156 40.22437 13.892444 18.867962 47.63402 71.70077 24.738634 29.681644 19.0 81.394104 12.369317 33.01515 4.472136 59.07622 8.062258 16.124516 16.27882 26.400757 35.1141 54.81788 78.79086 46.486557 32.649654 8.062258 69.260376 66.189125 79.84986 8.944272 78.18568 6.708204 82.565125 27.0 54.34151 2.236068 30.0 49.365982 62.39391 57.31492 74.96666 88.391174 24.41311
22.022715 83.9345 24.758837 73.00685 26.627054 12.0415945 32.984844 23.409399 16.552946 27.802877 11.401754 64.56005 48.8467 52.63079 23.43075 6.3245554 10.049875 39.319206 13.152946 0.0 56.142673 17.029387 26.41969 78.51752 28.284271 43.863426 32.01562 22.825424 27.513634 21.095022 12.165525 58.00862 77.12976 7.28011 52.0 57.870544 45.80393 32.01562 9.055386 14.3178215 42.544094 76.537575 13.601471 18.439089 6.3245554 83.15047 14.142136 25.23886 9.0 61.81424 20.09975 23.43075 14.142136 14.21267 43.011627 61.269894 76.40026 46.043457 20.615528 21.023796 68.46897 68.46897 77.87811 5.3851647 76.48529 12.806249 81.7435 31.780497 55.00909 15.033297 34.539833 51.47815 64.28063 61.983868 76.00658 86.34813 22.022715
34.132095 36.069378 41.4367 17.262676 38.948685 64.195015 26.832815 36.05551 41.109608 36.40055 48.270073 22.803509 18.601076 10.29563 46.52956 54.037025 66.068146 17.029387 56.61272 56.142673 0.0 69.12308 37.12142 22.561028 43.266617 27.202942 25.317978 51.0 32.695564 63.15853 60.166435 3.6055512 23.600847 49.365982 25.298222 6.0827627 36.359318 34.88553 47.26521 70.34913 21.400934 31.906113 48.507732 70.45566 54.037025 28.460499 67.46851 36.40055 57.48913 14.866069 62.76942 42.48529 42.426407 65.37584 35.805027 31.016125 23.43075 10.198039 70.035706 60.41523 12.649111 16.970562 23.853722 58.694122 21.954498 50.0 25.96151 31.906113 5.0990195 58.189346 29.410883 12.083046 12.806249 23.194826 20.615528 32.24903 34.132095
35.846897 92.43917 41.773197 85.158676 33.06055 22.203604 43.289722 33.37664 32.80244 44.598206 20.880613 73.171036 64.49806 67.23094 26.476404 23.021729 14.035668 53.14132 13.0 17.029387 69.12308 0.0 34.0 91.67879 31.780497 51.24451 46.957428 23.086792 37.215588 12.0415945 9.055386 70.40597 91.416626 21.095022 59.413803 71.7844 50.0 48.83646 23.323807 10.440307 58.30952 84.59315 30.610456 25.179358 23.021729 94.33981 3.1622777 41.868843 11.7046995 72.06247 11.401754 29.068884 27.313 24.083189 47.539455 67.46851 90.824005 58.940647 29.068884 14.422205 81.7435 79.15807 92.02717 12.0415945 90.44335 19.235384 95.07891 40.0 67.08204 12.165525 43.0 62.289646 75.32596 70.256676 87.823685 100.56838 35.846897
14.035668 58.694122 31.575306 51.92302 2.236068 38.013157 10.29563 5.0990195 21.540659 30.016663 15.231546 39.319206 38.832977 38.209946 9.433981 28.319605 35.846897 24.083189 21.0 26.41969 37.12142 34.0 0.0 59.236813 7.615773 17.720045 22.472204 13.892444 5.0 26.24881 25.019993 37.696156 60.53924 19.416489 25.96151 41.04875 19.79899 33.06055 18.439089 38.327538 34.0 50.990196 28.301943 44.65423 28.319605 60.530983 33.13608 27.073973 23.345236 38.118237 25.96151 5.3851647 14.21267 40.0 16.970562 34.928497 60.207973 27.45906 46.227695 23.409399 49.658836 45.276924 60.90156 26.24881 59.05929 15.297058 62.76942 6.0 34.176014 22.090721 9.0 28.635643 41.59327 36.496574 54.34151 69.354164 14.035668
56.568542 31.144823 61.66036 9.433981 60.926186 86.0 49.0408 58.5235 63.03174 56.568542 70.83079 31.38471 34.48188 27.294687 68.54196 76.05919 88.362885 39.20459 79.12016 78.51752 22.561028 91.67879 59.236813 0.0 64.84597 46.615448 47.010635 73.00685 55.027267 85.44004 82.710335 21.540659 9.486833 71.84706 41.725292 21.023796 54.56189 54.129475 69.72087 92.779305 39.812057 32.38827 70.028564 92.0489 76.05919 14.866069 90.02777 57.21888 80.04999 25.495098 85.09406 64.62198 64.93843 87.02299 54.81788 42.72002 10.770329 32.75668 91.26884 82.637764 10.049875 19.723083 8.246211 81.21576 6.708204 72.53275 3.6055512 53.712196 25.079872 80.65358 50.990196 31.38471 20.518284 33.83785 10.198039 12.529964 56.568542
21.095022 61.03278 38.118237 57.00877 5.3851647 40.311287 16.970562 12.165525 27.45906 37.054016 17.029387 42.047592 46.32494 45.276924 5.3851647 31.622776 36.619667 31.400637 19.313208 28.284271 43.266617 31.780497 7.615773 64.84597 0.0 20.09975 30.083218 9.0 12.529964 22.022715 23.409399 43.416588 66.85058 22.203604 28.0 47.63402 18.384777 40.311287 21.954498 38.013157 41.59327 53.08484 33.24154 46.69047 31.622776 64.7611 31.622776 34.0147 22.825424 42.201897 22.0 5.3851647 18.973665 42.44997 15.811388 35.69314 66.61081 34.058773 48.83646 19.026299 55.569775 49.47727 67.11929 26.627054 65.192024 15.6205 68.42514 11.401754 39.824615 19.646883 13.892444 33.61547 46.173584 39.012817 59.135437 75.47185 21.095022
26.172504 41.19466 42.72002 38.078865 18.248287 55.072678 12.806249 20.59126 35.35534 39.357338 32.89377 22.0 37.336308 32.89377 25.0 44.94441 53.488316 23.021729 38.327538 43.863426 27.202942 51.24451 17.720045 46.615448 20.09975 0.0 27.513634 29.068884 16.643316 42.107006 42.426407 26.172504 50.20956 36.67424 8.246211 32.75668 9.486833 40.853397 35.35534 56.044624 35.014282 33.37664 43.185646 61.77378 44.94441 44.922153 50.635956 37.215588 41.0 22.472204 42.047592 22.203604 30.528675 56.938564 8.602325 17.492855 50.24938 20.880613 62.968246 39.115215 38.209946 29.732138 50.20956 43.965897 48.104053 32.984844 50.219517 12.083046 22.671568 39.115215 9.433981 15.556349 26.832815 19.026299 39.812057 58.137768 26.172504
11.401754 58.30952 17.20465 42.579338 24.698177 39.012817 16.03122 18.35756 16.03122 12.727922 26.627054 40.459858 17.804493 20.615528 30.528675 29.068884 41.59327 8.5440035 35.805027 32.01562 25.317978 46.957428 22.472204 47.010635 30.083218 27.513634 0.0 34.4093 17.720045 43.931767 38.587563 27.89265 45.122055 26.0 32.75668 26.076809 35.510563 13.416408 23.769728 46.32494 12.0415945 52.201534 23.194826 45.17743 29.068884 53.600372 44.777225 11.661903 35.35534 34.98571 43.27817 26.41969 19.723083 40.112343 33.24154 42.43819 44.38468 16.155495 44.72136 41.725292 37.0 40.311287 45.891174 35.468296 44.553337 29.206163 50.08992 21.095022 25.632011 37.802116 21.023796 25.0 35.846897 38.8973 45.891174 54.34151 11.401754
23.70654 70.028564 38.470768 65.459915 12.083046 34.669872 24.186773 16.27882 27.294687 38.600517 13.152946 51.0392 51.739735 51.855568 4.472136 27.513634 29.698484 37.536648 11.401754 22.825424 51.0 23.086792 13.892444 73.00685 9.0 29.068884 34.4093 0.0 18.601076 13.038404 15.264338 51.47815 74.431175 18.439089 37.0 54.91812 26.925823 42.379242 19.104973 30.232433 46.400433 62.072536 31.144823 40.60788 27.513634 73.545906 23.259407 35.44009 15.556349 50.990196 13.0 8.602325 18.248287 36.891735 24.5153 44.553337 74.094536 41.340054 43.266617 10.049875 63.505905 58.249462 74.793045 19.849434 72.94518 10.440307 76.55717 19.313208 47.92703 11.18034 22.135944 42.059483 54.81788 48.010414 67.72001 83.240616 23.70654
10.770329 56.515484 28.460499 48.052055 7.2111025 38.470768 6.0827627 4.1231055 19.416489 26.305893 17.117243 37.107952 33.83785 33.30165 14.21267 28.301943 37.363083 19.104973 24.33105 27.513634 32.695564 37.215588 5.0 55.027267 12.529964 16.643316 17.720045 18.601076 0.0 30.463093 28.160255 33.526108 55.946404 20.248457 24.596748 36.359318 21.095022 29.017237 18.788294 40.4475 29.068884 49.0408 26.907248 45.17743 28.301943 57.14018 36.013885 23.537205 26.0 35.014282 30.083218 10.0 13.892444 40.311287 18.35756 34.132095 55.569775 22.825424 46.32494 27.730848 45.310043 42.0119 56.35601 28.284271 54.56189 18.027756 58.5235 5.0 30.083218 25.70992 7.2111025 25.079872 38.118237 34.48188 50.635956 64.84597 10.770329
32.55764 83.00603 43.382023 78.160095 24.738634 30.594116 36.40055 27.294687 32.75668 44.94441 17.804493 64.070274 61.7171 62.968246 17.262676 27.294687 23.409399 48.548943 8.944272 21.095022 63.15853 12.0415945 26.24881 85.44004 22.022715 42.107006 43.931767 13.038404 30.463093 0.0 9.0 63.90618 86.313385 21.023796 50.01 66.64833 39.45884 49.09175 22.825424 21.633308 55.9017 75.026665 33.526108 35.1141 27.294687 86.492775 13.601471 41.880783 12.165525 63.953106 1.0 20.880613 24.839485 32.75668 37.215588 57.31492 85.883644 53.225933 38.600517 3.0 75.76939 71.19691 86.764046 16.0 85.0 14.866069 88.95505 32.01562 60.40695 6.708204 34.928497 54.81788 67.68308 61.03278 80.523285 95.27329 32.55764
27.294687 83.60024 35.510563 76.11833 24.186773 21.84033 34.234486 24.33105 25.495098 37.64306 12.083046 64.28063 56.302753 58.60034 18.027756 18.439089 15.264338 44.38468 4.1231055 12.165525 60.166435 9.055386 25.019993 82.710335 23.409399 42.426407 38.587563 15.264338 28.160255 9.0 0.0 61.39218 82.637764 13.453624 50.635956 62.968246 41.785164 41.868843 15.556349 15.0 50.219517 75.802376 25.079872 26.832815 18.439089 85.28775 8.246211 34.713108 3.6055512 63.03174 8.0 20.22375 18.867962 24.04163 39.217342 58.940647 82.07923 50.0 30.083218 9.486833 72.8011 70.11419 83.21658 7.0 81.596565 10.198039 86.127815 31.016125 58.0517 4.2426405 34.0147 53.235325 66.27216 61.400326 78.77182 91.76056 27.294687
36.0 32.526913 44.38468 15.0 39.39543 66.48308 27.513634 37.107952 43.416588 39.39543 49.648766 19.416489 22.203604 13.892444 47.010635 56.22277 68.0 19.416489 57.72348 58.00862 3.6055512 70.40597 37.696156 21.540659 43.416588 26.172504 27.89265 51.47815 33.526108 63.90618 61.39218 0.0 24.04163 51.088158 23.259407 9.055386 35.0 38.078865 49.0408 72.11102 24.839485 28.301943 50.990196 72.835434 56.22277 25.70992 68.88396 39.217342 58.855755 11.401754 63.56886 43.081318 44.102154 67.74216 34.713108 28.160255 24.083189 12.0415945 72.56721 61.09828 12.206555 13.453624 24.083189 60.299255 22.022715 51.1957 25.079872 32.202484 3.6055512 59.20304 29.529646 10.630146 9.219544 20.024984 18.110771 32.202484 36.0
55.65968 40.4475 58.0 17.117243 62.433964 83.48653 50.24938 59.03389 61.0 53.009434 70.5762 38.27532 30.016663 24.5153 69.97142 73.97973 86.683334 38.27532 79.30952 77.12976 23.600847 91.416626 60.53924 9.486833 66.85058 50.20956 45.122055 74.431175 55.946404 86.313385 82.637764 24.04163 0.0 70.88018 46.615448 19.697716 58.898216 50.039986 68.68042 91.44397 36.013885 41.04875 67.36468 89.20202 73.97973 24.351591 89.49302 54.147945 79.71198 31.304953 85.86617 65.863495 64.195015 84.29116 58.728188 49.24429 1.4142135 33.12099 88.02273 83.64807 12.206555 26.925823 1.4142135 80.36168 3.0 72.615425 9.219544 55.470715 27.58623 81.02469 53.009434 34.655445 26.400757 40.311287 19.026299 9.219544 55.65968
15.297058 76.655075 22.36068 66.068146 19.849434 18.601076 25.70992 16.155495 12.0415945 24.207438 5.3851647 57.280014 43.416588 46.486557 17.888544 9.433981 17.262676 32.75668 12.083046 7.28011 49.365982 21.095022 19.416489 71.84706 22.203604 36.67424 26.0 18.439089 20.248457 21.023796 13.453624 51.088158 70.88018 0.0 44.777225 51.41984 39.051247 28.42534 2.236068 21.023796 37.215588 69.260376 13.038404 25.23886 9.433981 76.05919 18.788294 21.260292 9.899495 54.589375 20.12461 17.029387 7.0 20.615528 36.23534 54.120235 70.21396 39.20459 26.907248 19.924858 61.81424 61.294373 71.568146 9.486833 70.0928 8.062258 75.13322 24.596748 48.010414 14.3178215 27.313 44.28318 57.14018 54.708317 69.00725 80.08121 15.297058
33.42155 33.06055 49.0408 32.649654 26.476404 63.06346 20.0 28.635643 42.638012 45.221676 41.109608 14.142136 39.115215 33.13608 33.06055 52.83938 61.68468 26.57066 46.52956 52.0 25.298222 59.413803 25.96151 41.725292 28.0 8.246211 32.75668 37.0 24.596748 50.01 50.635956 23.259407 46.615448 44.777225 0.0 31.320919 13.038404 46.141087 43.382023 64.288414 38.078865 25.179358 50.606323 69.77106 52.83938 38.078865 58.855755 43.416588 49.24429 16.40122 50.0 30.413813 38.470768 64.884514 13.928389 9.899495 46.872166 22.090721 70.83079 47.010635 34.4093 23.323807 46.400433 52.201534 44.20407 41.231056 45.276924 20.248457 20.248457 47.26521 17.464249 13.341664 21.260292 11.045361 33.83785 53.814495 33.42155
36.138622 40.0 40.792156 18.35756 43.011627 65.00769 30.805843 39.357338 42.107006 35.69314 50.92151 28.442924 15.0 6.708204 50.47772 55.145264 67.601776 18.681541 59.615433 57.870544 6.0827627 71.7844 41.04875 21.023796 47.63402 32.75668 26.076809 54.91812 36.359318 66.64833 62.968246 9.055386 19.697716 51.41984 31.320919 0.0 42.059483 33.526108 49.24429 72.18033 19.313208 36.67424 49.010204 71.02816 55.145264 30.016663 69.92139 36.221542 60.083275 20.396078 66.189125 46.32494 44.64303 66.007576 41.340054 37.054016 19.235384 13.601471 70.256676 64.00781 11.18034 21.095022 20.248457 60.876926 18.681541 52.924473 24.020824 36.23534 11.18034 61.326992 33.970577 18.027756 17.464249 29.068884 21.954498 28.79236 36.138622
31.764761 44.28318 49.24429 45.607018 19.209373 57.628117 19.646883 24.207438 40.496914 46.486557 34.4093 26.57066 46.69047 42.379242 23.769728 48.104053 54.708317 32.06244 37.696156 45.80393 36.359318 50.0 19.79899 54.56189 18.384777 9.486833 35.510563 26.925823 21.095022 39.45884 41.785164 35.0 58.898216 39.051247 13.038404 42.059483 0.0 48.507732 38.209946 56.364883 44.04543 36.221542 47.801674 64.202805 48.104053 50.990196 49.979996 44.011364 41.14608 29.410883 39.623226 22.472204 33.970577 59.665737 2.828427 18.0 59.03389 30.364452 65.946945 36.496574 46.75468 36.359318 58.796257 44.777225 56.63921 33.61547 58.137768 16.124516 31.622776 37.94733 14.866069 24.41311 34.20526 23.409399 46.872166 66.46804 31.764761
19.235384 70.0 8.246211 51.62364 35.128338 34.785053 28.86174 28.160255 16.40122 4.2426405 31.38471 53.037724 20.024984 26.925823 39.293766 26.925823 39.824615 20.518284 40.22437 32.01562 34.88553 48.83646 33.06055 54.129475 40.311287 40.853397 13.416408 42.379242 29.017237 49.09175 41.868843 38.078865 50.039986 28.42534 46.141087 33.526108 48.507732 0.0 26.400757 45.276924 14.3178215 64.44377 19.235384 39.812057 26.925823 63.15853 46.09772 7.2111025 38.28838 46.8615 48.259712 35.69314 24.596748 35.17101 46.09772 55.758408 49.010204 27.658634 38.209946 47.507893 44.64303 51.312767 51.088158 36.796738 50.24938 34.48188 56.718605 33.24154 36.619667 42.43819 33.734257 37.48333 46.872166 51.739735 55.154327 59.0 19.235384
13.152946 75.0 20.615528 64.03124 19.104973 19.723083 24.04163 14.764823 10.0 22.203604 6.0 55.65968 41.18252 44.27189 18.027756 9.899495 19.104973 30.594116 13.892444 9.055386 47.26521 23.323807 18.439089 69.72087 21.954498 35.35534 23.769728 19.104973 18.788294 22.825424 15.556349 49.0408 68.68042 2.236068 43.382023 49.24429 38.209946 26.400757 0.0 23.086792 34.98571 67.6757 12.0415945 26.41969 9.899495 74.10803 21.023796 19.209373 12.0415945 52.773098 21.954498 16.643316 5.0990195 21.633308 35.383614 52.83938 68.007355 37.12142 27.802877 21.540659 59.682495 59.413803 69.375786 11.7046995 67.911705 9.055386 72.99315 23.323807 46.0 16.124516 25.942244 42.426407 55.226807 53.14132 67.0 77.88453 13.152946
36.221542 96.88137 37.44329 87.0919 37.94733 13.416408 46.270943 36.345562 30.675724 41.18252 23.345236 77.46612 62.968246 66.94027 32.649654 18.35756 5.656854 53.600372 18.867962 14.3178215 70.34913 10.440307 38.327538 92.779305 38.013157 56.044624 46.32494 30.232433 40.4475 21.633308 15.0 72.11102 91.44397 21.023796 64.288414 72.18033 56.364883 45.276924 23.086792 0.0 56.648037 89.26926 26.076809 15.0 18.35756 97.020615 8.062258 38.910152 15.231546 75.32596 20.808653 34.176014 28.01785 14.866069 53.712196 73.05477 90.70832 60.207973 19.026299 23.43075 82.73451 82.1523 92.19544 12.165525 90.80198 23.086792 96.02604 44.14748 69.02898 19.209373 47.07441 65.12296 78.05767 74.73286 90.02222 100.6628 36.221542
23.345236 57.31492 22.022715 37.576588 36.23534 47.67599 25.96151 30.232433 26.0 17.0 38.418747 41.880783 6.3245554 12.649111 42.43819 38.600517 51.546097 12.0 47.63402 42.544094 21.400934 58.30952 34.0 39.812057 41.59327 35.014282 12.0415945 46.400433 29.068884 55.9017 50.219517 24.839485 36.013885 37.215588 38.078865 19.313208 44.04543 14.3178215 34.98571 56.648037 0.0 52.49762 31.575306 53.235325 38.600517 49.193497 55.946404 18.248287 46.872166 34.828148 55.226807 38.27532 31.400637 48.373547 42.190044 46.818798 35.057095 16.552946 52.009613 53.740116 30.364452 38.28838 37.0 46.52956 36.05551 41.109608 42.426407 31.622776 24.083189 49.67897 30.805843 26.832815 33.970577 41.18252 41.14608 45.099888 23.345236
56.364883 8.062258 69.40461 24.0 51.62364 87.0919 43.65776 53.160137 65.29931 64.815125 65.96969 12.083046 50.47772 42.190044 58.21512 76.6942 86.40023 44.04543 71.70077 76.537575 31.906113 84.59315 50.990196 32.38827 53.08484 33.37664 52.201534 62.072536 49.0408 75.026665 75.802376 28.301943 41.04875 69.260376 25.179358 36.67424 36.221542 64.44377 67.6757 89.26926 52.49762 0.0 73.3553 93.77633 76.6942 20.59126 84.0119 63.82006 74.330345 17.691807 75.059975 55.578773 62.625874 88.76936 38.052597 18.439089 42.0119 36.796738 94.42987 72.02777 31.400637 15.811388 40.112343 77.12976 38.052597 66.287254 34.928497 45.122055 28.42534 72.443085 42.201897 27.202942 19.235384 14.56022 22.203604 44.38468 56.364883
17.20465 80.11242 11.401754 65.76473 29.529646 16.124516 30.610456 23.600847 8.062258 15.231546 18.027756 61.294373 37.85499 43.046486 29.832869 7.81025 20.59126 31.575306 24.738634 13.601471 48.507732 30.610456 28.301943 70.028564 33.24154 43.185646 23.194826 31.144823 26.907248 33.526108 25.079872 50.990196 67.36468 13.038404 50.606323 49.010204 47.801674 19.235384 12.0415945 26.076809 31.575306 73.3553 0.0 22.022715 7.81025 76.687675 27.658634 13.341664 21.540659 57.00877 32.572994 27.856777 14.3178215 17.0 45.0 60.440052 66.48308 39.051247 21.587032 32.75668 60.074955 62.936478 68.26419 18.867962 67.11929 21.0 73.0 31.890438 48.507732 26.925823 33.941124 46.615448 58.5235 59.16925 69.050705 76.53104 17.20465
37.64306 100.90094 31.575306 87.69264 45.0 6.708204 50.159744 41.18252 29.427877 36.345562 29.832869 81.706795 59.413803 65.00769 41.725292 17.088007 11.7046995 53.460266 29.681644 18.439089 70.45566 25.179358 44.65423 92.0489 46.69047 61.77378 45.17743 40.60788 45.17743 35.1141 26.832815 72.835434 89.20202 25.23886 69.77106 71.02816 64.202805 39.812057 26.41969 15.0 53.235325 93.77633 22.022715 0.0 17.088007 98.478424 22.36068 35.057095 25.23886 78.160095 34.176014 41.868843 31.304953 5.0990195 61.400326 79.25907 88.27797 60.827625 4.1231055 36.249138 82.0975 84.40379 90.13878 20.808653 89.050545 31.112698 95.005264 49.73932 70.21396 30.88689 52.35456 67.72001 80.04999 79.30952 90.934044 98.32599 37.64306
20.615528 83.81527 19.209373 71.17584 29.0 10.440307 33.105892 24.41311 13.038404 22.825424 14.764823 64.62198 44.922153 49.497475 27.294687 0.0 13.0 37.01351 19.0 6.3245554 54.037025 23.021729 28.319605 76.05919 31.622776 44.94441 29.068884 27.513634 28.301943 27.294687 18.439089 56.22277 73.97973 9.433981 52.83938 55.145264 48.104053 26.925823 9.899495 18.35756 38.600517 76.6942 7.81025 17.088007 0.0 81.7435 20.0 20.615528 15.132746 61.13101 26.305893 26.400757 14.422205 12.083046 45.276924 62.433964 73.1642 44.181442 18.027756 27.018513 66.0303 67.46851 74.8131 11.7046995 73.552704 17.088007 79.15807 33.01515 53.460266 21.023796 35.510563 50.695168 63.15061 62.241467 74.330345 83.18654 20.615528
61.294373 17.117243 69.89278 11.661903 61.81424 92.070625 51.088158 61.073727 69.050705 64.84597 74.02702 24.698177 44.94441 36.71512 69.2315 81.7435 93.193344 45.122055 81.394104 83.15047 28.460499 94.33981 60.530983 14.866069 64.7611 44.922153 53.600372 73.545906 57.14018 86.492775 85.28775 25.70992 24.351591 76.05919 38.078865 30.016663 50.990196 63.15853 74.10803 97.020615 49.193497 20.59126 76.687675 98.478424 81.7435 0.0 93.13431 64.84597 83.09633 22.561028 86.313385 65.76473 69.065186 93.38094 52.0 35.608986 25.632011 37.65634 98.270035 83.546394 19.849434 15.297058 23.086792 85.0 21.540659 75.16648 16.124516 54.589375 28.284271 82.607506 51.62364 32.06244 19.026299 27.784887 8.062258 25.019993 61.294373
33.83785 91.787796 38.8973 83.725746 32.38827 19.104973 42.047592 32.06244 30.232433 41.868843 19.235384 72.443085 62.177166 65.192024 26.24881 20.0 11.0 51.24451 12.369317 14.142136 67.46851 3.1622777 33.13608 90.02777 31.622776 50.635956 44.777225 23.259407 36.013885 13.601471 8.246211 68.88396 89.49302 18.788294 58.855755 69.92139 49.979996 46.09772 21.023796 8.062258 55.946404 84.0119 27.658634 22.36068 20.0 93.13431 0.0 39.20459 10.049875 71.0 12.806249 28.442924 25.298222 21.023796 47.434166 67.18631 88.86507 57.271286 26.172504 15.556349 80.04999 78.025635 90.13878 9.433981 88.60023 18.0 93.39165 39.115215 65.62012 12.083046 42.107006 61.073727 74.10803 69.58448 86.46965 98.67117 33.83785
13.038404 69.97142 5.656854 53.600372 29.017237 29.427877 24.596748 22.022715 9.219544 3.1622777 24.186773 52.009613 24.5153 30.016663 32.55764 20.615528 33.61547 20.12461 33.01515 25.23886 36.40055 41.868843 27.073973 57.21888 34.0147 37.215588 11.661903 35.44009 23.537205 41.880783 34.713108 39.217342 54.147945 21.260292 43.416588 36.221542 44.011364 7.2111025 19.209373 38.910152 18.248287 63.82006 13.341664 35.057095 20.615528 64.84597 39.20459 0.0 31.144823 46.647614 41.04875 29.15476 17.464249 30.149628 41.4367 53.263496 53.235325 27.730848 34.058773 40.311287 47.38143 51.894123 55.081757 29.832869 54.00926 27.294687 60.074955 28.160255 37.161808 35.22783 29.15476 36.619667 47.423622 50.32892 57.00877 63.28507 13.038404
24.166092 82.036575 31.906113 73.68175 22.803509 19.697716 32.01562 22.022715 21.931713 34.058773 9.219544 62.649822 53.0 55.542778 17.492855 15.132746 14.142136 41.4367 4.472136 9.0 57.48913 11.7046995 23.345236 80.04999 22.825424 41.0 35.35534 15.556349 26.0 12.165525 3.6055512 58.855755 79.71198 9.899495 49.24429 60.083275 41.14608 38.28838 12.0415945 15.231546 46.872166 74.330345 21.540659 25.23886 15.132746 83.09633 10.049875 31.144823 0.0 61.008198 11.18034 18.973665 15.652476 21.931713 38.483765 57.870544 79.12016 47.296936 28.178005 12.0415945 70.0928 68.007355 80.32434 4.472136 78.74643 8.062258 83.43261 29.274563 55.578773 6.0827627 32.24903 51.0392 64.070274 59.841457 76.41989 88.86507 24.166092
40.5216 23.323807 52.153618 16.27882 39.319206 71.568146 29.068884 39.051247 49.0408 47.434166 52.086468 8.062258 33.12099 25.079872 46.69047 61.13101 71.84706 26.627054 59.07622 61.81424 14.866069 72.06247 38.118237 25.495098 42.201897 22.472204 34.98571 50.990196 35.014282 63.953106 63.03174 11.401754 31.304953 54.589375 16.40122 20.396078 29.410883 46.8615 52.773098 75.32596 34.828148 17.691807 57.00877 78.160095 61.13101 22.561028 71.0 46.647614 61.008198 0.0 63.788715 43.289722 47.67599 73.082146 30.016663 18.027756 31.780497 19.209373 78.434685 61.0 19.313208 7.28011 30.88689 63.1981 28.653097 53.0 29.0 32.140316 10.816654 60.207973 29.15476 10.440307 5.0 9.219544 17.492855 37.802116 40.5216
31.890438 83.02409 42.48529 77.88453 24.5153 29.614185 36.05551 26.832815 31.906113 44.102154 17.029387 64.03124 61.073727 62.433964 17.117243 26.305893 22.472204 48.02083 8.062258 20.09975 62.76942 11.401754 25.96151 85.09406 22.0 42.047592 43.27817 13.0 30.083218 1.0 8.0 63.56886 85.86617 20.12461 50.0 66.189125 39.623226 48.259712 21.954498 20.808653 55.226807 75.059975 32.572994 34.176014 26.305893 86.313385 12.806249 41.04875 11.18034 63.788715 0.0 20.615528 24.083189 31.780497 37.336308 57.428215 85.42248 52.801514 37.64306 3.1622777 75.39231 71.021126 86.33076 15.0 84.58132 14.142136 88.60023 31.780497 60.083275 5.8309517 34.713108 54.571056 67.46851 61.008198 80.280754 94.847244 31.890438
16.492422 63.387695 33.01515 57.280014 4.0 35.383614 15.652476 8.062258 22.203604 32.24903 12.0415945 44.102154 43.416588 43.27817 4.2426405 26.400757 32.24903 29.0 16.124516 23.43075 42.48529 29.068884 5.3851647 64.62198 5.3851647 22.203604 26.41969 8.602325 10.0 20.880613 20.22375 43.081318 65.863495 17.029387 30.413813 46.32494 22.472204 35.69314 16.643316 34.176014 38.27532 55.578773 27.856777 41.868843 26.400757 65.76473 28.442924 29.15476 18.973665 43.289722 20.615528 0.0 13.601471 37.48333 19.723083 38.8973 65.51336 32.75668 43.840622 18.027756 55.03635 50.48762 66.24198 22.36068 64.412735 11.18034 68.154236 11.18034 39.56008 17.0 14.142136 33.955853 46.872166 41.19466 59.665737 74.70609 16.492422
8.5440035 69.92139 20.22375 59.07622 15.264338 24.596748 18.973665 10.0 9.055386 20.615528 7.071068 50.596443 37.44329 39.92493 16.03122 14.422205 24.186773 25.96151 16.27882 14.142136 42.426407 27.313 14.21267 64.93843 18.973665 30.528675 19.723083 18.248287 13.892444 24.839485 18.867962 44.102154 64.195015 7.0 38.470768 44.64303 33.970577 24.596748 5.0990195 28.01785 31.400637 62.625874 14.3178215 31.304953 14.422205 69.065186 25.298222 17.464249 15.652476 47.67599 24.083189 13.601471 0.0 26.41969 31.144823 48.02083 63.56886 32.24903 32.449963 23.021729 54.91812 54.33231 64.84597 16.27882 63.324562 10.0 68.24954 18.601076 41.01219 18.384777 21.095022 37.336308 50.159744 48.104053 62.008064 73.37575 8.5440035
32.572994 95.85927 26.925823 82.607506 40.459858 2.236068 45.188496 36.359318 24.33105 31.575306 25.455845 76.6942 54.589375 60.033325 37.64306 12.083046 10.049875 48.373547 26.400757 14.21267 65.37584 24.083189 40.0 87.02299 42.44997 56.938564 40.112343 36.891735 40.311287 32.75668 24.04163 67.74216 84.29116 20.615528 64.884514 66.007576 59.665737 35.17101 21.633308 14.866069 48.373547 88.76936 17.0 5.0990195 12.083046 93.38094 21.023796 30.149628 21.931713 73.082146 31.780497 37.48333 26.41969 0.0 56.85068 74.431175 83.38465 55.7315 6.4031243 33.526108 77.05842 79.30952 85.2115 17.464249 84.095184 27.018513 90.0 44.94441 65.11528 27.856777 47.507893 62.641838 74.953316 74.323616 85.84288 93.43447 32.572994
29.068884 46.09772 46.615448 46.043457 16.40122 54.81788 17.262676 21.400934 37.735924 43.965897 31.622776 27.89265 45.122055 41.231056 21.189621 45.276924 51.971146 30.265491 35.1141 43.011627 35.805027 47.539455 16.970562 54.81788 15.811388 8.602325 33.24154 24.5153 18.35756 37.215588 39.217342 34.713108 58.728188 36.23534 13.928389 41.340054 2.828427 46.09772 35.383614 53.712196 42.190044 38.052597 45.0 61.400326 45.276924 52.0 47.434166 41.4367 38.483765 30.016663 37.336308 19.723083 31.144823 56.85068 0.0 20.09975 58.796257 29.15476 63.126858 34.234486 46.66905 37.12142 58.694122 42.059483 56.568542 30.88689 58.412327 13.416408 31.241 35.44009 12.369317 24.083189 34.669872 24.738634 47.507893 66.52819 29.068884
43.27817 26.476404 58.898216 33.286633 35.1141 72.56032 29.832869 38.078865 52.49762 55.0 50.159744 11.401754 47.07441 40.1995 41.0 62.433964 70.77429 35.77709 54.81788 61.269894 31.016125 67.46851 34.928497 42.72002 35.69314 17.492855 42.43819 44.553337 34.132095 57.31492 58.940647 28.160255 49.24429 54.120235 9.899495 37.054016 18.0 55.758408 52.83938 73.05477 46.818798 18.439089 60.440052 79.25907 62.433964 35.608986 67.18631 53.263496 57.870544 18.027756 57.428215 38.8973 48.02083 74.431175 20.09975 0.0 49.76947 30.364452 80.454956 54.33231 37.336308 23.021729 48.754486 61.09828 46.518814 49.979996 46.043457 29.529646 26.0 55.31727 26.925823 20.396078 22.847319 8.944272 33.42155 55.226807 43.27817
55.027267 41.59327 57.00877 18.027756 62.1289 82.607506 49.92995 58.59181 60.207973 52.03845 70.00714 38.8973 29.0 23.769728 69.641945 73.1642 85.90693 37.696156 78.79086 76.40026 23.43075 90.824005 60.207973 10.770329 66.61081 50.24938 44.38468 74.094536 55.569775 85.883644 82.07923 24.083189 1.4142135 70.21396 46.872166 19.235384 59.03389 49.010204 68.007355 90.70832 35.057095 42.0119 66.48308 88.27797 73.1642 25.632011 88.86507 53.235325 79.12016 31.780497 85.42248 65.51336 63.56886 83.38465 58.796257 49.76947 0.0 32.75668 87.05171 83.240616 12.529964 27.658634 2.828427 79.69943 4.1231055 72.09022 10.630146 55.21775 27.58623 80.529495 52.801514 34.713108 26.925823 40.853397 20.09975 10.049875 55.027267
24.020824 42.43819 33.12099 27.018513 29.410883 54.451813 17.20465 26.0 31.400637 28.301943 38.078865 25.612497 17.029387 12.083046 36.891735 44.181442 56.008926 7.615773 46.486557 46.043457 10.198039 58.940647 27.45906 32.75668 34.058773 20.880613 16.155495 41.340054 22.825424 53.225933 50.0 12.0415945 33.12099 39.20459 22.090721 13.601471 30.364452 27.658634 37.12142 60.207973 16.552946 36.796738 39.051247 60.827625 44.181442 37.65634 57.271286 27.730848 47.296936 19.209373 52.801514 32.75668 32.24903 55.7315 29.15476 30.364452 32.75668 0.0 60.63827 50.537113 22.803509 24.166092 33.54102 48.507732 31.780497 39.849716 36.138622 22.671568 9.486833 48.104053 20.518284 10.29563 19.697716 24.698177 30.149628 42.047592 24.020824
38.078865 101.390335 30.066593 87.29834 46.75468 8.602325 51.0 42.43819 29.410883 35.014282 31.827662 82.346825 58.077534 64.070274 44.04543 18.027756 15.297058 53.15073 32.649654 20.615528 70.035706 29.068884 46.227695 91.26884 48.83646 62.968246 44.72136 43.266617 46.32494 38.600517 30.083218 72.56721 88.02273 26.907248 70.83079 70.256676 65.946945 38.209946 27.802877 19.026299 52.009613 94.42987 21.587032 4.1231055 18.027756 98.270035 26.172504 34.058773 28.178005 78.434685 37.64306 43.840622 32.449963 6.4031243 63.126858 80.454956 87.05171 60.63827 0.0 39.56008 81.394104 84.48077 89.005615 23.70654 88.005684 33.42155 94.13288 51.0392 70.0928 34.0147 53.535034 68.007355 80.08121 80.05623 90.60905 97.082436 38.078865
30.413813 80.00625 42.154476 75.28612 21.84033 31.320919 33.61547 24.698177 31.304953 43.416588 16.124516 61.073727 59.464275 60.464867 14.3178215 27.018513 24.596748 46.043457 8.062258 21.023796 60.41523 14.422205 23.409399 82.637764 19.026299 39.115215 41.725292 10.049875 27.730848 3.0 9.486833 61.09828 83.64807 19.924858 47.010635 64.00781 36.496574 47.507893 21.540659 23.43075 53.740116 72.02777 32.75668 36.249138 27.018513 83.546394 15.556349 40.311287 12.0415945 61.0 3.1622777 18.027756 23.021729 33.526108 34.234486 54.33231 83.240616 50.537113 39.56008 0.0 73.00685 68.24954 84.07735 16.27882 82.29216 13.038404 86.162636 29.12044 57.58472 6.0 32.01562 51.92302 64.7611 58.034473 77.62087 92.574295 30.413813
46.52956 32.695564 51.971146 8.602325 51.42956 76.00658 39.39543 48.703182 53.009434 46.872166 60.876926 26.683329 25.495098 17.720045 59.03389 66.0303 78.31347 29.15476 69.260376 68.46897 12.649111 81.7435 49.658836 10.049875 55.569775 38.209946 37.0 63.505905 45.310043 75.76939 72.8011 12.206555 12.206555 61.81424 34.4093 11.18034 46.75468 44.64303 59.682495 82.73451 30.364452 31.400637 60.074955 82.0975 66.0303 19.849434 80.04999 47.38143 70.0928 19.313208 75.39231 55.03635 54.91812 77.05842 46.66905 37.336308 12.529964 22.803509 81.394104 73.00685 0.0 16.0 12.0415945 71.19691 9.899495 62.641838 13.341664 44.294468 15.811388 70.837845 41.677334 22.671568 14.56022 28.460499 12.0415945 20.0 46.52956
46.872166 19.104973 57.245087 10.29563 46.52956 77.87811 36.0 46.0 55.081757 52.35456 59.008472 11.661903 35.468296 27.018513 53.935146 67.46851 78.51752 31.780497 66.189125 68.46897 16.970562 79.15807 45.276924 19.723083 49.47727 29.732138 40.311287 58.249462 42.0119 71.19691 70.11419 13.453624 26.925823 61.294373 23.323807 21.095022 36.359318 51.312767 59.413803 82.1523 38.28838 15.811388 62.936478 84.40379 67.46851 15.297058 78.025635 51.894123 68.007355 7.28011 71.021126 50.48762 54.33231 79.30952 37.12142 23.021729 27.658634 24.166092 84.48077 68.24954 16.0 0.0 26.24881 70.064255 24.04163 60.033325 23.021729 39.319206 14.764823 67.36468 36.345562 17.029387 4.472136 14.21267 10.630146 32.24903 46.872166
56.32051 39.319206 59.008472 16.27882 62.76942 84.38009 50.606323 59.5063 61.81424 54.0 71.168816 37.696156 31.06445 25.317978 70.327805 74.8131 87.47571 38.8973 79.84986 77.87811 23.853722 92.02717 60.90156 8.246211 67.11929 50.20956 45.891174 74.793045 56.35601 86.764046 83.21658 24.083189 1.4142135 71.568146 46.400433 20.248457 58.796257 51.088158 69.375786 92.19544 37.0 40.112343 68.26419 90.13878 74.8131 23.086792 90.13878 55.081757 80.32434 30.88689 86.33076 66.24198 64.84597 85.2115 58.694122 48.754486 2.828427 33.54102 89.005615 84.07735 12.0415945 26.24881 0.0 81.0432 2.236068 73.1642 7.81025 55.758408 27.658634 81.5414 53.25411 34.655445 25.942244 39.812057 18.0 8.5440035 56.32051
24.738634 84.723076 29.832869 75.23962 26.0 15.231546 34.132095 24.186773 20.808653 32.55764 11.18034 65.30697 52.773098 55.97321 21.400934 11.7046995 10.0 42.201897 8.944272 5.3851647 58.694122 12.0415945 26.24881 81.21576 26.627054 43.965897 35.468296 19.849434 28.284271 16.0 7.0 60.299255 80.36168 9.486833 52.201534 60.876926 44.777225 36.796738 11.7046995 12.165525 46.52956 77.12976 18.867962 20.808653 11.7046995 85.0 9.433981 29.832869 4.472136 63.1981 15.0 22.36068 16.27882 17.464249 42.059483 61.09828 79.69943 48.507732 23.70654 16.27882 71.19691 70.064255 81.0432 0.0 79.555016 11.18034 84.5281 32.01562 57.14018 10.440307 34.928497 53.037724 66.007576 62.58594 78.10249 89.560036 24.738634
54.81788 37.48333 58.077534 14.142136 60.90156 83.21658 48.76474 57.77543 60.530983 53.037724 69.57011 35.468296 30.265491 24.083189 68.47627 73.552704 86.145226 37.363083 78.18568 76.48529 21.954498 90.44335 59.05929 6.708204 65.192024 48.104053 44.553337 72.94518 54.56189 85.0 81.596565 22.022715 3.0 70.0928 44.20407 18.681541 56.63921 50.24938 67.911705 90.80198 36.05551 38.052597 67.11929 89.050545 73.552704 21.540659 88.60023 54.00926 78.74643 28.653097 84.58132 64.412735 63.324562 84.095184 56.568542 46.518814 4.1231055 31.780497 88.005684 82.29216 9.899495 24.04163 2.236068 79.555016 0.0 71.51224 7.2111025 53.851646 25.612497 79.84986 51.312767 32.55764 23.70654 37.576588 16.03122 10.29563 54.81788
17.804493 73.97973 29.410883 65.9242 14.866069 24.839485 24.083189 14.142136 18.384777 30.413813 3.1622777 54.589375 47.010635 48.76474 10.630146 17.088007 21.095022 34.43835 6.708204 12.806249 50.0 19.235384 15.297058 72.53275 15.6205 32.984844 29.206163 10.440307 18.027756 14.866069 10.198039 51.1957 72.615425 8.062258 41.231056 52.924473 33.61547 34.48188 9.055386 23.086792 41.109608 66.287254 21.0 31.112698 17.088007 75.16648 18.0 27.294687 8.062258 53.0 14.142136 11.18034 10.0 27.018513 30.88689 49.979996 72.09022 39.849716 33.42155 13.038404 62.641838 60.033325 73.1642 11.18034 71.51224 0.0 75.96052 21.213203 47.853943 8.602325 24.186773 43.104523 56.142673 51.78803 68.593 81.706795 17.804493
59.841457 33.0 64.381676 12.806249 64.4748 89.02247 52.554733 61.983868 66.1211 59.3043 74.215904 34.669872 36.878178 30.066593 72.09022 79.15807 91.5478 42.426407 82.565125 81.7435 25.96151 95.07891 62.76942 3.6055512 68.42514 50.219517 50.08992 76.55717 58.5235 88.95505 86.127815 25.079872 9.219544 75.13322 45.276924 24.020824 58.137768 56.718605 72.99315 96.02604 42.426407 34.928497 73.0 95.005264 79.15807 16.124516 93.39165 60.074955 83.43261 29.0 88.60023 68.154236 68.24954 90.0 58.412327 46.043457 10.630146 36.138622 94.13288 86.162636 13.341664 23.021729 7.81025 84.5281 7.2111025 75.96052 0.0 57.271286 28.635643 84.118965 54.56189 34.98571 24.04163 37.202152 13.0 9.486833 59.841457
15.652476 52.773098 33.24154 46.173584 7.28011 43.046486 5.8309517 8.602325 24.41311 30.805843 20.880613 33.37664 35.77709 34.058773 14.866069 33.01515 41.4367 20.59126 27.0 31.780497 31.906113 40.0 6.0 53.712196 11.401754 12.083046 21.095022 19.313208 5.0 32.01562 31.016125 32.202484 55.470715 24.596748 20.248457 36.23534 16.124516 33.24154 23.323807 44.14748 31.622776 45.122055 31.890438 49.73932 33.01515 54.589375 39.115215 28.160255 29.274563 32.140316 31.780497 11.18034 18.601076 44.94441 13.416408 29.529646 55.21775 22.671568 51.0392 29.12044 44.294468 39.319206 55.758408 32.01562 53.851646 21.213203 57.271286 0.0 28.635643 28.071337 3.0 22.803509 35.69314 30.594116 48.507732 64.14047 15.652476
33.06055 33.42155 42.48529 18.110771 35.846897 63.788715 24.04163 33.734257 40.792156 37.589893 46.389652 18.384777 22.36068 14.56022 43.462627 53.460266 65.03076 17.088007 54.34151 55.00909 5.0990195 67.08204 34.176014 25.079872 39.824615 22.671568 25.632011 47.92703 30.083218 60.40695 58.0517 3.6055512 27.58623 48.010414 20.248457 11.18034 31.622776 36.619667 46.0 69.02898 24.083189 28.42534 48.507732 70.21396 53.460266 28.284271 65.62012 37.161808 55.578773 10.816654 60.083275 39.56008 41.01219 65.11528 31.241 26.0 27.58623 9.486833 70.0928 57.58472 15.811388 14.764823 27.658634 57.14018 25.612497 47.853943 28.635643 28.635643 0.0 55.7853 25.942244 7.2111025 10.29563 18.439089 21.0 35.805027 33.06055
26.400757 80.305664 36.67424 73.756355 21.0 25.632011 31.780497 22.135944 26.076809 38.27532 11.313708 61.073727 55.605755 57.306194 14.3178215 21.023796 19.416489 42.941822 2.236068 15.033297 58.189346 12.165525 22.090721 80.65358 19.646883 39.115215 37.802116 11.18034 25.70992 6.708204 4.2426405 59.20304 81.02469 14.3178215 47.26521 61.326992 37.94733 42.43819 16.124516 19.209373 49.67897 72.443085 26.925823 30.88689 21.023796 82.607506 12.083046 35.22783 6.0827627 60.207973 5.8309517 17.0 18.384777 27.856777 35.44009 55.31727 80.529495 48.104053 34.0147 6.0 70.837845 67.36468 81.5414 10.440307 79.84986 8.602325 84.118965 28.071337 55.7853 0.0 31.06445 50.635956 63.63961 58.137768 76.29548 90.07774 26.400757
17.20465 49.819675 34.43835 43.32436 10.198039 45.65085 5.0 11.18034 26.24881 31.622776 23.769728 30.413813 34.539833 32.202484 17.720045 35.510563 44.27189 19.313208 30.0 34.539833 29.410883 43.0 9.0 50.990196 13.892444 9.433981 21.023796 22.135944 7.2111025 34.928497 34.0147 29.529646 53.009434 27.313 17.464249 33.970577 14.866069 33.734257 25.942244 47.07441 30.805843 42.201897 33.941124 52.35456 35.510563 51.62364 42.107006 29.15476 32.24903 29.15476 34.713108 14.142136 21.095022 47.507893 12.369317 26.925823 52.801514 20.518284 53.535034 32.01562 41.677334 36.345562 53.25411 34.928497 51.312767 24.186773 54.56189 3.0 25.942244 31.06445 0.0 19.924858 32.75668 27.658634 45.607018 61.587337 17.20465
30.083218 33.54102 42.201897 23.409399 30.083218 61.13101 19.026299 29.017237 38.626415 37.64306 42.0 15.556349 26.683329 20.0 37.64306 50.695168 61.522354 16.970562 49.365982 51.47815 12.083046 62.289646 28.635643 31.38471 33.61547 15.556349 25.0 42.059483 25.079872 54.81788 53.235325 10.630146 34.655445 44.28318 13.341664 18.027756 24.41311 37.48333 42.426407 65.12296 26.832815 27.202942 46.615448 67.72001 50.695168 32.06244 61.073727 36.619667 51.0392 10.440307 54.571056 33.955853 37.336308 62.641838 24.083189 20.396078 34.713108 10.29563 68.007355 51.92302 22.671568 17.029387 34.655445 53.037724 32.55764 43.104523 34.98571 22.803509 7.2111025 50.635956 19.924858 0.0 13.038404 14.422205 25.70992 42.638012 30.083218
42.579338 23.345236 52.773098 11.401754 42.953465 73.545906 32.06244 42.047592 50.695168 47.88528 55.00909 12.165525 31.400637 23.021729 50.447994 63.15061 74.330345 27.313 62.39391 64.28063 12.806249 75.32596 41.59327 20.518284 46.173584 26.832815 35.846897 54.81788 38.118237 67.68308 66.27216 9.219544 26.400757 57.14018 21.260292 17.464249 34.20526 46.872166 55.226807 78.05767 33.970577 19.235384 58.5235 80.04999 63.15061 19.026299 74.10803 47.423622 64.070274 5.0 67.46851 46.872166 50.159744 74.953316 34.669872 22.847319 26.925823 19.697716 80.08121 64.7611 14.56022 4.472136 25.942244 66.007576 23.70654 56.142673 24.04163 35.69314 10.29563 63.63961 32.75668 13.038404 0.0 13.928389 13.0 32.80244 42.579338
42.059483 22.203604 55.97321 24.41311 37.215588 72.615425 29.15476 38.600517 51.10773 51.62364 51.41984 3.1622777 40.496914 32.984844 44.011364 62.241467 71.8401 31.241 57.31492 61.983868 23.194826 70.256676 36.496574 33.83785 39.012817 19.026299 38.8973 48.010414 34.48188 61.03278 61.400326 20.024984 40.311287 54.708317 11.045361 29.068884 23.409399 51.739735 53.14132 74.73286 41.18252 14.56022 59.16925 79.30952 62.241467 27.784887 69.58448 50.32892 59.841457 9.219544 61.008198 41.19466 48.104053 74.323616 24.738634 8.944272 40.853397 24.698177 80.05623 58.034473 28.460499 14.21267 39.812057 62.58594 37.576588 51.78803 37.202152 30.594116 18.439089 58.137768 27.658634 14.422205 13.928389 0.0 24.758837 46.32494 42.059483
54.037025 21.587032 61.983868 3.6055512 55.7853 84.59315 44.553337 54.451813 61.522354 56.920998 67.26812 22.022715 36.891735 28.653097 63.324562 74.330345 86.023254 37.48333 74.96666 76.00658 20.615528 87.823685 54.34151 10.198039 59.135437 39.812057 45.891174 67.72001 50.635956 80.523285 78.77182 18.110771 19.026299 69.00725 33.83785 21.954498 46.872166 55.154327 67.0 90.02222 41.14608 22.203604 69.050705 90.934044 74.330345 8.062258 86.46965 57.00877 76.41989 17.492855 80.280754 59.665737 62.008064 85.84288 47.507893 33.42155 20.09975 30.149628 90.60905 77.62087 12.0415945 10.630146 18.0 78.10249 16.03122 68.593 13.0 48.507732 21.0 76.29548 45.607018 25.70992 13.0 24.758837 0.0 22.472204 54.037025
64.84597 42.107006 67.02985 21.954498 71.19691 92.65527 59.05929 68.0294 70.21396 62.072536 79.71198 43.908997 39.012817 33.734257 78.77182 83.18654 95.90099 47.434166 88.391174 86.34813 32.24903 100.56838 69.354164 12.529964 75.47185 58.137768 54.34151 83.240616 64.84597 95.27329 91.76056 32.202484 9.219544 80.08121 53.814495 28.79236 66.46804 59.0 77.88453 100.6628 45.099888 44.38468 76.53104 98.32599 83.18654 25.019993 98.67117 63.28507 88.86507 37.802116 94.847244 74.70609 73.37575 93.43447 66.52819 55.226807 10.049875 42.047592 97.082436 92.574295 20.0 32.24903 8.5440035 89.560036 10.29563 81.706795 9.486833 64.14047 35.805027 90.07774 61.587337 42.638012 32.80244 46.32494 22.472204 0.0 64.84597
0.0 63.324562 17.720045 51.0 16.0 31.04835 13.453624 9.0 9.219544 16.0 15.264338 44.28318 29.206163 31.38471 20.248457 20.615528 32.0 17.464249 24.41311 22.022715 34.132095 35.846897 14.035668 56.568542 21.095022 26.172504 11.401754 23.70654 10.770329 32.55764 27.294687 36.0 55.65968 15.297058 33.42155 36.138622 31.764761 19.235384 13.152946 36.221542 23.345236 56.364883 17.20465 37.64306 20.615528 61.294373 33.83785 13.038404 24.166092 40.5216 31.890438 16.492422 8.5440035 32.572994 29.068884 43.27817 55.027267 24.020824 38.078865 30.413813 46.52956 46.872166 56.32051 24.738634 54.81788 17.804493 59.841457 15.652476 33.06055 26.400757 17.20465 30.083218 42.579338 42.059483 54.037025 64.84597 0.0
p
0 0 0 0 0 0
0 0 0 0 0 0
0 0 0 0 0 0
0 0 0 0 0 0
0 0 0 0 0 0
0 0 0 0 0 0
0 0 0 0 0 0
0 0 0 0 0 0
0 0 0 0 0 0
0 0 0 0 0 0
0 0 0 0 0 0
0 0 0 0 0 0
0 0 0 0 0 0
0 0 0 0 0 0
0 0 0 0 0 0
17.0 17.0 17.0 17.0 17.0 17.0
17.0 17.0 17.0 17.0 17.0 17.0
17.0 17.0 17.0 17.0 17.0 17.0
17.0 17.0 17.0 17.0 17.0 17.0
17.0 17.0 17.0 17.0 17.0 17.0
17.0 17.0 17.0 17.0 17.0 17.0
17.0 17.0 17.0 17.0 17.0 17.0
17.0 17.0 17.0 17.0 17.0 17.0
17.0 17.0 17.0 17.0 17.0 17.0
17.0 17.0 17.0 17.0 17.0 17.0
17.0 17.0 17.0 17.0 17.0 17.0
17.0 17.0 17.0 17.0 17.0 17.0
17.0 17.0 17.0 17.0 17.0 17.0
17.0 17.0 17.0 17.0 17.0 17.0
17.0 17.0 17.0 17.0 17.0 17.0
17.0 17.0 17.0 17.0 17.0 17.0
17.0 17.0 17.0 17.0 17.0 17.0
17.0 17.0 17.0 17.0 17.0 17.0
17.0 17.0 17.0 17.0 17.0 17.0
17.0 17.0 17.0 17.0 17.0 17.0
17.0 17.0 17.0 17.0 17.0 17.0
17.0 17.0 17.0 17.0 17.0 17.0
17.0 17.0 17.0 17.0 17.0 17.0
17.0 17.0 17.0 17.0 17.0 17.0
17.0 17.0 17.0 17.0 17.0 17.0
17.0 17.0 17.0 17.0 17.0 17.0
17.0 17.0 17.0 17.0 17.0 17.0
17.0 17.0 17.0 17.0 17.0 17.0
17.0 17.0 17.0 17.0 17.0 17.0
17.0 17.0 17.0 17.0 17.0 17.0
17.0 17.0 17.0 17.0 17.0 17.0
17.0 17.0 17.0 17.0 17.0 17.0
17.0 17.0 17.0 17.0 17.0 17.0
17.0 17.0 17.0 17.0 17.0 17.0
17.0 17.0 17.0 17.0 17.0 17.0
17.0 17.0 17.0 17.0 17.0 17.0
17.0 17.0 17.0 17.0 17.0 17.0
17.0 17.0 17.0 17.0 17.0 17.0
17.0 17.0 17.0 17.0 17.0 17.0
17.0 17.0 17.0 17.0 17.0 17.0
17.0 17.0 17.0 17.0 17.0 17.0
17.0 17.0 17.0 17.0 17.0 17.0
17.0 17.0 17.0 17.0 17.0 17.0
17.0 17.0 17.0 17.0 17.0 17.0
17.0 17.0 17.0 17.0 17.0 17.0
17.0 17.0 17.0 17.0 17.0 17.0
17.0 17.0 17.0 17.0 17.0 17.0
17.0 17.0 17.0 17.0 17.0 17.0
17.0 17.0 17.0 17.0 17.0 17.0
17.0 17.0 17.0 17.0 17.0 17.0
17.0 17.0 17.0 17.0 17.0 17.0
17.0 17.0 17.0 17.0 17.0 17.0
17.0 17.0 17.0 17.0 17.0 17.0
17.0 17.0 17.0 17.0 17.0 17.0
17.0 17.0 17.0 17.0 17.0 17.0
17.0 17.0 17.0 17.0 17.0 17.0
17.0 17.0 17.0 17.0 17.0 17.0
17.0 17.0 17.0 17.0 17.0 17.0
17.0 17.0 17.0 17.0 17.0 17.0
17.0 17.0 17.0 17.0 17.0 17.0
17.0 17.0 17.0 17.0 17.0 17.0
17.0 17.0 17.0 17.0 17.0 17.0
17.0 17.0 17.0 17.0 17.0 17.0
17.0 17.0 17.0 17.0 17.0 17.0
17.0 17.0 17.0 17.0 17.0 17.0
17.0 17.0 17.0 17.0 17.0 17.0
17.0 17.0 17.0 17.0 17.0 17.0
17.0 17.0 17.0 17.0 17.0 17.0
17.0 17.0 17.0 17.0 17.0 17.0
17.0 17.0 17.0 17.0 17.0 17.0
17.0 17.0 17.0 17.0 17.0 17.0
17.0 17.0 17.0 17.0 17.0 17.0
17.0 17.0 17.0 17.0 17.0 17.0
17.0 17.0 17.0 17.0 17.0 17.0
17.0 17.0 17.0 17.0 17.0 17.0
17.0 17.0 17.0 17.0 17.0 17.0
17.0 17.0 17.0 17.0 17.0 17.0
17.0 17.0 17.0 17.0 17.0 17.0
17.0 17.0 17.0 17.0 17.0 17.0
17.0 17.0 17.0 17.0 17.0 17.0
17.0 17.0 17.0 17.0 17.0 17.0
17.0 17.0 17.0 17.0 17.0 17.0
17.0 17.0 17.0 17.0 17.0 17.0
17.0 17.0 17.0 17.0 17.0 17.0
17.0 17.0 17.0 17.0 17.0 17.0
17.0 17.0 17.0 17.0 17.0 17.0
17.0 17.0 17.0 17.0 17.0 17.0
17.0 17.0 17.0 17.0 17.0 17.0
17.0 17.0 17.0 17.0 17.0 17.0
17.0 17.0 17.0 17.0 17.0 17.0
17.0 17.0 17.0 17.0 17.0 17.0
17.0 17.0 17.0 17.0 17.0 17.0
17.0 17.0 17.0 17.0 17.0 17.0
17.0 17.0 17.0 17.0 17.0 17.0
17.0 17.0 17.0 17.0 17.0 17.0
17.0 17.0 17.0 17.0 17.0 17.0
17.0 17.0 17.0 17.0 17.0 17.0
17.0 17.0 17.0 17.0 17.0 17.0
17.0 17.0 17.0 17.0 17.0 17.0
17.0 17.0 17.0 17.0 17.0 17.0
17.0 17.0 17.0 17.0 17.0 17.0
17.0 17.0 17.0 17.0 17.0 17.0
17.0 17.0 17.0 17.0 17.0 17.0
17.0 17.0 17.0 17.0 17.0 17.0
17.0 17.0 17.0 17.0 17.0 17.0
17.0 17.0 17.0 17.0 17.0 17.0
17.0 17.0 17.0 17.0 17.0 17.0
17.0 17.0 17.0 17.0 17.0 17.0
17.0 17.0 17.0 17.0 17.0 17.0
17.0 17.0 17.0 17.0 17.0 17.0
17.0 17.0 17.0 17.0 17.0 17.0
17.0 17.0 17.0 17.0 17.0 17.0
17.0 17.0 17.0 17.0 17.0 17.0
17.0 17.0 17.0 17.0 17.0 17.0
17.0 17.0 17.0 17.0 17.0 17.0
17.0 17.0 17.0 17.0 17.0 17.0
17.0 17.0 17.0 17.0 17.0 17.0
17.0 17.0 17.0 17.0 17.0 17.0
17.0 17.0 17.0 17.0 17.0 17.0
17.0 17.0 17.0 17.0 17.0 17.0
17.0 17.0 17.0 17.0 17.0 17.0
17.0 17.0 17.0 17.0 17.0 17.0
17.0 17.0 17.0 17.0 17.0 17.0
17.0 17.0 17.0 17.0 17.0 17.0
17.0 17.0 17.0 17.0 17.0 17.0
17.0 17.0 17.0 17.0 17.0 17.0
17.0 17.0 17.0 17.0 17.0 17.0
17.0 17.0 17.0 17.0 17.0 17.0
17.0 17.0 17.0 17.0 17.0 17.0
17.0 17.0 17.0 17.0 17.0 17.0
17.0 17.0 17.0 17.0 17.0 17.0
17.0 17.0 17.0 17.0 17.0 17.0
17.0 17.0 17.0 17.0 17.0 17.0
17.0 17.0 17.0 17.0 17.0 17.0
17.0 17.0 17.0 17.0 17.0 17.0
17.0 17.0 17.0 17.0 17.0 17.0
17.0 17.0 17.0 17.0 17.0 17.0
17.0 17.0 17.0 17.0 17.0 17.0
17.0 17.0 17.0 17.0 17.0 17.0
17.0 17.0 17.0 17.0 17.0 17.0
17.0 17.0 17.0 17.0 17.0 17.0
17.0 17.0 17.0 17.0 17.0 17.0
17.0 17.0 17.0 17.0 17.0 17.0
17.0 17.0 17.0 17.0 17.0 17.0
17.0 17.0 17.0 17.0 17.0 17.0
17.0 17.0 17.0 17.0 17.0 17.0
17.0 17.0 17.0 17.0 17.0 17.0
17.0 17.0 17.0 17.0 17.0 17.0
17.0 17.0 17.0 17.0 17.0 17.0
17.0 17.0 17.0 17.0 17.0 17.0
17.0 17.0 17.0 17.0 17.0 17.0
17.0 17.0 17.0 17.0 17.0 17.0
17.0 17.0 17.0 17.0 17.0 17.0
17.0 17.0 17.0 17.0 17.0 17.0
17.0 17.0 17.0 17.0 17.0 17.0
17.0 17.0 17.0 17.0 17.0 17.0
17.0 17.0 17.0 17.0 17.0 17.0
17.0 17.0 17.0 17.0 17.0 17.0
17.0 17.0 17.0 17.0 17.0 17.0
17.0 17.0 17.0 17.0 17.0 17.0
17.0 17.0 17.0 17.0 17.0 17.0
17.0 17.0 17.0 17.0 17.0 17.0
17.0 17.0 17.0 17.0 17.0 17.0
17.0 17.0 17.0 17.0 17.0 17.0
17.0 17.0 17.0 17.0 17.0 17.0
17.0 17.0 17.0 17.0 17.0 17.0
17.0 17.0 17.0 17.0 17.0 17.0
17.0 17.0 17.0 17.0 17.0 17.0
17.0 17.0 17.0 17.0 17.0 17.0
17.0 17.0 17.0 17.0 17.0 17.0
17.0 17.0 17.0 17.0 17.0 17.0
17.0 17.0 17.0 17.0 17.0 17.0
17.0 17.0 17.0 17.0 17.0 17.0
17.0 17.0 17.0 17.0 17.0 17.0
17.0 17.0 17.0 17.0 17.0 17.0
17.0 17.0 17.0 17.0 17.0 17.0
17.0 17.0 17.0 17.0 17.0 17.0
17.0 17.0 17.0 17.0 17.0 17.0
17.0 17.0 17.0 17.0 17.0 17.0
17.0 17.0 17.0 17.0 17.0 17.0
17.0 17.0 17.0 17.0 17.0 17.0
17.0 17.0 17.0 17.0 17.0 17.0
17.0 17.0 17.0 17.0 17.0 17.0
17.0 17.0 17.0 17.0 17.0 17.0
17.0 17.0 17.0 17.0 17.0 17.0
17.0 17.0 17.0 17.0 17.0 17.0
17.0 17.0 17.0 17.0 17.0 17.0
17.0 17.0 17.0 17.0 17.0 17.0
17.0 17.0 17.0 17.0 17.0 17.0
17.0 17.0 17.0 17.0 17.0 17.0
17.0 17.0 17.0 17.0 17.0 17.0
17.0 17.0 17.0 17.0 17.0 17.0
17.0 17.0 17.0 17.0 17.0 17.0
17.0 17.0 17.0 17.0 17.0 17.0
17.0 17.0 17.0 17.0 17.0 17.0
17.0 17.0 17.0 17.0 17.0 17.0
17.0 17.0 17.0 17.0 17.0 17.0
17.0 17.0 17.0 17.0 17.0 17.0
17.0 17.0 17.0 17.0 17.0 17.0
17.0 17.0 17.0 17.0 17.0 17.0
17.0 17.0 17.0 17.0 17.0 17.0
17.0 17.0 17.0 17.0 17.0 17.0
17.0 17.0 17.0 17.0 17.0 17.0
17.0 17.0 17.0 17.0 17.0 17.0
17.0 17.0 17.0 17.0 17.0 17.0
17.0 17.0 17.0 17.0 17.0 17.0
17.0 17.0 17.0 17.0 17.0 17.0
17.0 17.0 17.0 17.0 17.0 17.0
17.0 17.0 17.0 17.0 17.0 17.0
17.0 17.0 17.0 17.0 17.0 17.0
17.0 17.0 17.0 17.0 17.0 17.0
17.0 17.0 17.0 17.0 17.0 17.0
17.0 17.0 17.0 17.0 17.0 17.0
17.0 17.0 17.0 17.0 17.0 17.0
17.0 17.0 17.0 17.0 17.0 17.0
17.0 17.0 17.0 17.0 17.0 17.0
17.0 17.0 17.0 17.0 17.0 17.0
17.0 17.0 17.0 17.0 17.0 17.0
17.0 17.0 17.0 17.0 17.0 17.0
17.0 17.0 17.0 17.0 17.0 17.0
17.0 17.0 17.0 17.0 17.0 17.0
17.0 17.0 17.0 17.0 17.0 17.0
17.0 17.0 17.0 17.0 17.0 17.0
17.0 17.0 17.0 17.0 17.0 17.0
17.0 17.0 17.0 17.0 17.0 17.0
17.0 17.0 17.0 17.0 17.0 17.0
17.0 17.0 17.0 17.0 17.0 17.0
17.0 17.0 17.0 17.0 17.0 17.0
17.0 17.0 17.0 17.0 17.0 17.0
17.0 17.0 17.0 17.0 17.0 17.0
17.0 17.0 17.0 17.0 17.0 17.0
17.0 17.0 17.0 17.0 17.0 17.0
17.0 17.0 17.0 17.0 17.0 17.0
17.0 17.0 17.0 17.0 17.0 17.0
17.0 17.0 17.0 17.0 17.0 17.0
17.0 17.0 17.0 17.0 17.0 17.0
17.0 17.0 17.0 17.0 17.0 17.0
17.0 17.0 17.0 17.0 17.0 17.0
17.0 17.0 17.0 17.0 17.0 17.0
17.0 17.0 17.0 17.0 17.0 17.0
17.0 17.0 17.0 17.0 17.0 17.0
17.0 17.0 17.0 17.0 17.0 17.0
17.0 17.0 17.0 17.0 17.0 17.0
17.0 17.0 17.0 17.0 17.0 17.0
17.0 17.0 17.0 17.0 17.0 17.0
17.0 17.0 17.0 17.0 17.0 17.0
17.0 17.0 17.0 17.0 17.0 17.0
17.0 17.0 17.0 17.0 17.0 17.0
17.0 17.0 17.0 17.0 17.0 17.0
17.0 17.0 17.0 17.0 17.0 17.0
17.0 17.0 17.0 17.0 17.0 17.0
17.0 17.0 17.0 17.0 17.0 17.0
17.0 17.0 17.0 17.0 17.0 17.0
17.0 17.0 17.0 17.0 17.0 17.0
17.0 17.0 17.0 17.0 17.0 17.0
17.0 17.0 17.0 17.0 17.0 17.0
17.0 17.0 17.0 17.0 17.0 17.0
17.0 17.0 17.0 17.0 17.0 17.0
17.0 17.0 17.0 17.0 17.0 17.0
17.0 17.0 17.0 17.0 17.0 17.0
17.0 17.0 17.0 17.0 17.0 17.0
17.0 17.0 17.0 17.0 17.0 17.0
17.0 17.0 17.0 17.0 17.0 17.0
17.0 17.0 17.0 17.0 17.0 17.0
17.0 17.0 17.0 17.0 17.0 17.0
17.0 17.0 17.0 17.0 17.0 17.0
17.0 17.0 17.0 17.0 17.0 17.0
17.0 17.0 17.0 17.0 17.0 17.0
17.0 17.0 17.0 17.0 17.0 17.0
17.0 17.0 17.0 17.0 17.0 17.0
17.0 17.0 17.0 17.0 17.0 17.0
17.0 17.0 17.0 17.0 17.0 17.0
17.0 17.0 17.0 17.0 17.0 17.0
17.0 17.0 17.0 17.0 17.0 17.0
17.0 17.0 17.0 17.0 17.0 17.0
17.0 17.0 17.0 17.0 17.0 17.0
17.0 17.0 17.0 17.0 17.0 17.0
17.0 17.0 17.0 17.0 17.0 17.0
17.0 17.0 17.0 17.0 17.0 17.0
17.0 17.0 17.0 17.0 17.0 17.0
17.0 17.0 17.0 17.0 17.0 17.0
17.0 17.0 17.0 17.0 17.0 17.0
17.0 17.0 17.0 17.0 17.0 17.0
17.0 17.0 17.0 17.0 17.0 17.0
17.0 17.0 17.0 17.0 17.0 17.0
17.0 17.0 17.0 17.0 17.0 17.0
17.0 17.0 17.0 17.0 17.0 17.0
17.0 17.0 17.0 17.0 17.0 17.0
17.0 17.0 17.0 17.0 17.0 17.0
17.0 17.0 17.0 17.0 17.0 17.0
17.0 17.0 17.0 17.0 17.0 17.0
17.0 17.0 17.0 17.0 17.0 17.0
17.0 17.0 17.0 17.0 17.0 17.0
17.0 17.0 17.0 17.0 17.0 17.0
17.0 17.0 17.0 17.0 17.0 17.0
17.0 17.0 17.0 17.0 17.0 17.0
17.0 17.0 17.0 17.0 17.0 17.0
17.0 17.0 17.0 17.0 17.0 17.0
17.0 17.0 17.0 17.0 17.0 17.0
17.0 17.0 17.0 17.0 17.0 17.0
17.0 17.0 17.0 17.0 17.0 17.0
17.0 17.0 17.0 17.0 17.0 17.0
17.0 17.0 17.0 17.0 17.0 17.0
17.0 17.0 17.0 17.0 17.0 17.0
17.0 17.0 17.0 17.0 17.0 17.0
17.0 17.0 17.0 17.0 17.0 17.0
17.0 17.0 17.0 17.0 17.0 17.0
17.0 17.0 17.0 17.0 17.0 17.0
17.0 17.0 17.0 17.0 17.0 17.0
17.0 17.0 17.0 17.0 17.0 17.0
17.0 17.0 17.0 17.0 17.0 17.0
17.0 17.0 17.0 17.0 17.0 17.0
17.0 17.0 17.0 17.0 17.0 17.0
17.0 17.0 17.0 17.0 17.0 17.0
17.0 17.0 17.0 17.0 17.0 17.0
17.0 17.0 17.0 17.0 17.0 17.0
17.0 17.0 17.0 17.0 17.0 17.0
17.0 17.0 17.0 17.0 17.0 17.0
17.0 17.0 17.0 17.0 17.0 17.0
17.0 17.0 17.0 17.0 17.0 17.0
17.0 17.0 17.0 17.0 17.0 17.0
17.0 17.0 17.0 17.0 17.0 17.0
17.0 17.0 17.0 17.0 17.0 17.0
17.0 17.0 17.0 17.0 17.0 17.0
17.0 17.0 17.0 17.0 17.0 17.0
17.0 17.0 17.0 17.0 17.0 17.0
17.0 17.0 17.0 17.0 17.0 17.0
17.0 17.0 17.0 17.0 17.0 17.0
17.0 17.0 17.0 17.0 17.0 17.0
17.0 17.0 17.0 17.0 17.0 17.0
17.0 17.0 17.0 17.0 17.0 17.0
17.0 17.0 17.0 17.0 17.0 17.0
17.0 17.0 17.0 17.0 17.0 17.0
17.0 17.0 17.0 17.0 17.0 17.0
17.0 17.0 17.0 17.0 17.0 17.0
17.0 17.0 17.0 17.0 17.0 17.0
17.0 17.0 17.0 17.0 17.0 17.0
17.0 17.0 17.0 17.0 17.0 17.0
17.0 17.0 17.0 17.0 17.0 17.0
17.0 17.0 17.0 17.0 17.0 17.0
17.0 17.0 17.0 17.0 17.0 17.0
17.0 17.0 17.0 17.0 17.0 17.0
17.0 17.0 17.0 17.0 17.0 17.0
17.0 17.0 17.0 17.0 17.0 17.0
17.0 17.0 17.0 17.0 17.0 17.0
17.0 17.0 17.0 17.0 17.0 17.0
17.0 17.0 17.0 17.0 17.0 17.0
17.0 17.0 17.0 17.0 17.0 17.0
17.0 17.0 17.0 17.0 17.0 17.0
17.0 17.0 17.0 17.0 17.0 17.0
17.0 17.0 17.0 17.0 17.0 17.0
17.0 17.0 17.0 17.0 17.0 17.0
17.0 17.0 17.0 17.0 17.0 17.0
17.0 17.0 17.0 17.0 17.0 17.0
17.0 17.0 17.0 17.0 17.0 17.0
17.0 17.0 17.0 17.0 17.0 17.0
17.0 17.0 17.0 17.0 17.0 17.0
17.0 17.0 17.0 17.0 17.0 17.0
17.0 17.0 17.0 17.0 17.0 17.0
17.0 17.0 17.0 17.0 17.0 17.0
17.0 17.0 17.0 17.0 17.0 17.0
17.0 17.0 17.0 17.0 17.0 17.0
17.0 17.0 17.0 17.0 17.0 17.0
17.0 17.0 17.0 17.0 17.0 17.0
17.0 17.0 17.0 17.0 17.0 17.0
17.0 17.0 17.0 17.0 17.0 17.0
17.0 17.0 17.0 17.0 17.0 17.0
17.0 17.0 17.0 17.0 17.0 17.0
17.0 17.0 17.0 17.0 17.0 17.0
17.0 17.0 17.0 17.0 17.0 17.0
17.0 17.0 17.0 17.0 17.0 17.0
17.0 17.0 17.0 17.0 17.0 17.0
17.0 17.0 17.0 17.0 17.0 17.0
17.0 17.0 17.0 17.0 17.0 17.0
17.0 17.0 17.0 17.0 17.0 17.0
17.0 17.0 17.0 17.0 17.0 17.0
17.0 17.0 17.0 17.0 17.0 17.0
17.0 17.0 17.0 17.0 17.0 17.0
17.0 17.0 17.0 17.0 17.0 17.0
17.0 17.0 17.0 17.0 17.0 17.0
17.0 17.0 17.0 17.0 17.0 17.0
17.0 17.0 17.0 17.0 17.0 17.0
17.0 17.0 17.0 17.0 17.0 17.0
17.0 17.0 17.0 17.0 17.0 17.0
17.0 17.0 17.0 17.0 17.0 17.0
17.0 17.0 17.0 17.0 17.0 17.0
17.0 17.0 17.0 17.0 17.0 17.0
17.0 17.0 17.0 17.0 17.0 17.0
17.0 17.0 17.0 17.0 17.0 17.0
17.0 17.0 17.0 17.0 17.0 17.0
17.0 17.0 17.0 17.0 17.0 17.0
17.0 17.0 17.0 17.0 17.0 17.0
17.0 17.0 17.0 17.0 17.0 17.0
17.0 17.0 17.0 17.0 17.0 17.0
17.0 17.0 17.0 17.0 17.0 17.0
17.0 17.0 17.0 17.0 17.0 17.0
17.0 17.0 17.0 17.0 17.0 17.0
17.0 17.0 17.0 17.0 17.0 17.0
17.0 17.0 17.0 17.0 17.0 17.0
17.0 17.0 17.0 17.0 17.0 17.0
17.0 17.0 17.0 17.0 17.0 17.0
17.0 17.0 17.0 17.0 17.0 17.0
17.0 17.0 17.0 17.0 17.0 17.0
17.0 17.0 17.0 17.0 17.0 17.0
17.0 17.0 17.0 17.0 17.0 17.0
17.0 17.0 17.0 17.0 17.0 17.0
17.0 17.0 17.0 17.0 17.0 17.0
17.0 17.0 17.0 17.0 17.0 17.0
17.0 17.0 17.0 17.0 17.0 17.0
17.0 17.0 17.0 17.0 17.0 17.0
17.0 17.0 17.0 17.0 17.0 17.0
17.0 17.0 17.0 17.0 17.0 17.0
17.0 17.0 17.0 17.0 17.0 17.0
17.0 17.0 17.0 17.0 17.0 17.0
17.0 17.0 17.0 17.0 17.0 17.0
17.0 17.0 17.0 17.0 17.0 17.0
17.0 17.0 17.0 17.0 17.0 17.0
17.0 17.0 17.0 17.0 17.0 17.0
17.0 17.0 17.0 17.0 17.0 17.0
17.0 17.0 17.0 17.0 17.0 17.0
17.0 17.0 17.0 17.0 17.0 17.0
17.0 17.0 17.0 17.0 17.0 17.0
17.0 17.0 17.0 17.0 17.0 17.0
17.0 17.0 17.0 17.0 17.0 17.0
17.0 17.0 17.0 17.0 17.0 17.0
17.0 17.0 17.0 17.0 17.0 17.0
17.0 17.0 17.0 17.0 17.0 17.0
17.0 17.0 17.0 17.0 17.0 17.0
17.0 17.0 17.0 17.0 17.0 17.0
17.0 17.0 17.0 17.0 17.0 17.0
17.0 17.0 17.0 17.0 17.0 17.0
17.0 17.0 17.0 17.0 17.0 17.0
17.0 17.0 17.0 17.0 17.0 17.0
17.0 17.0 17.0 17.0 17.0 17.0
17.0 17.0 17.0 17.0 17.0 17.0
17.0 17.0 17.0 17.0 17.0 17.0
17.0 17.0 17.0 17.0 17.0 17.0
17.0 17.0 17.0 17.0 17.0 17.0
17.0 17.0 17.0 17.0 17.0 17.0
17.0 17.0 17.0 17.0 17.0 17.0
17.0 17.0 17.0 17.0 17.0 17.0
17.0 17.0 17.0 17.0 17.0 17.0
17.0 17.0 17.0 17.0 17.0 17.0
17.0 17.0 17.0 17.0 17.0 17.0
17.0 17.0 17.0 17.0 17.0 17.0
17.0 17.0 17.0 17.0 17.0 17.0
17.0 17.0 17.0 17.0 17.0 17.0
17.0 17.0 17.0 17.0 17.0 17.0
17.0 17.0 17.0 17.0 17.0 17.0
17.0 17.0 17.0 17.0 17.0 17.0
17.0 17.0 17.0 17.0 17.0 17.0
17.0 17.0 17.0 17.0 17.0 17.0
17.0 17.0 17.0 17.0 17.0 17.0
17.0 17.0 17.0 17.0 17.0 17.0
17.0 17.0 17.0 17.0 17.0 17.0
17.0 17.0 17.0 17.0 17.0 17.0
17.0 17.0 17.0 17.0 17.0 17.0
17.0 17.0 17.0 17.0 17.0 17.0
17.0 17.0 17.0 17.0 17.0 17.0
17.0 17.0 17.0 17.0 17.0 17.0
17.0 17.0 17.0 17.0 17.0 17.0
17.0 17.0 17.0 17.0 17.0 17.0
17.0 17.0 17.0 17.0 17.0 17.0
17.0 17.0 17.0 17.0 17.0 17.0
17.0 17.0 17.0 17.0 17.0 17.0
17.0 17.0 17.0 17.0 17.0 17.0
17.0 17.0 17.0 17.0 17.0 17.0
17.0 17.0 17.0 17.0 17.0 17.0
17.0 17.0 17.0 17.0 17.0 17.0
17.0 17.0 17.0 17.0 17.0 17.0
17.0 17.0 17.0 17.0 17.0 17.0
17.0 17.0 17.0 17.0 17.0 17.0
17.0 17.0 17.0 17.0 17.0 17.0
17.0 17.0 17.0 17.0 17.0 17.0
17.0 17.0 17.0 17.0 17.0 17.0
17.0 17.0 17.0 17.0 17.0 17.0
17.0 17.0 17.0 17.0 17.0 17.0
17.0 17.0 17.0 17.0 17.0 17.0
17.0 17.0 17.0 17.0 17.0 17.0
17.0 17.0 17.0 17.0 17.0 17.0
17.0 17.0 17.0 17.0 17.0 17.0
17.0 17.0 17.0 17.0 17.0 17.0
17.0 17.0 17.0 17.0 17.0 17.0
17.0 17.0 17.0 17.0 17.0 17.0
17.0 17.0 17.0 17.0 17.0 17.0
17.0 17.0 17.0 17.0 17.0 17.0
17.0 17.0 17.0 17.0 17.0 17.0
17.0 17.0 17.0 17.0 17.0 17.0
17.0 17.0 17.0 17.0 17.0 17.0
17.0 17.0 17.0 17.0 17.0 17.0
17.0 17.0 17.0 17.0 17.0 17.0
17.0 17.0 17.0 17.0 17.0 17.0
17.0 17.0 17.0 17.0 17.0 17.0
17.0 17.0 17.0 17.0 17.0 17.0
17.0 17.0 17.0 17.0 17.0 17.0
17.0 17.0 17.0 17.0 17.0 17.0
17.0 17.0 17.0 17.0 17.0 17.0
17.0 17.0 17.0 17.0 17.0 17.0
17.0 17.0 17.0 17.0 17.0 17.0
17.0 17.0 17.0 17.0 17.0 17.0
17.0 17.0 17.0 17.0 17.0 17.0
17.0 17.0 17.0 17.0 17.0 17.0
17.0 17.0 17.0 17.0 17.0 17.0
17.0 17.0 17.0 17.0 17.0 17.0
17.0 17.0 17.0 17.0 17.0 17.0
17.0 17.0 17.0 17.0 17.0 17.0
17.0 17.0 17.0 17.0 17.0 17.0
17.0 17.0 17.0 17.0 17.0 17.0
17.0 17.0 17.0 17.0 17.0 17.0
17.0 17.0 17.0 17.0 17.0 17.0
17.0 17.0 17.0 17.0 17.0 17.0
17.0 17.0 17.0 17.0 17.0 17.0
17.0 17.0 17.0 17.0 17.0 17.0
17.0 17.0 17.0 17.0 17.0 17.0
17.0 17.0 17.0 17.0 17.0 17.0
17.0 17.0 17.0 17.0 17.0 17.0
17.0 17.0 17.0 17.0 17.0 17.0
17.0 17.0 17.0 17.0 17.0 17.0
17.0 17.0 17.0 17.0 17.0 17.0
17.0 17.0 17.0 17.0 17.0 17.0
17.0 17.0 17.0 17.0 17.0 17.0
17.0 17.0 17.0 17.0 17.0 17.0
17.0 17.0 17.0 17.0 17.0 17.0
17.0 17.0 17.0 17.0 17.0 17.0
17.0 17.0 17.0 17.0 17.0 17.0
17.0 17.0 17.0 17.0 17.0 17.0
17.0 17.0 17.0 17.0 17.0 17.0
17.0 17.0 17.0 17.0 17.0 17.0
17.0 17.0 17.0 17.0 17.0 17.0
17.0 17.0 17.0 17.0 17.0 17.0
17.0 17.0 17.0 17.0 17.0 17.0
17.0 17.0 17.0 17.0 17.0 17.0
17.0 17.0 17.0 17.0 17.0 17.0
17.0 17.0 17.0 17.0 17.0 17.0
17.0 17.0 17.0 17.0 17.0 17.0
17.0 17.0 17.0 17.0 17.0 17.0
17.0 17.0 17.0 17.0 17.0 17.0
17.0 17.0 17.0 17.0 17.0 17.0
17.0 17.0 17.0 17.0 17.0 17.0
17.0 17.0 17.0 17.0 17.0 17.0
17.0 17.0 17.0 17.0 17.0 17.0
17.0 17.0 17.0 17.0 17.0 17.0
17.0 17.0 17.0 17.0 17.0 17.0
17.0 17.0 17.0 17.0 17.0 17.0
17.0 17.0 17.0 17.0 17.0 17.0
17.0 17.0 17.0 17.0 17.0 17.0
17.0 17.0 17.0 17.0 17.0 17.0
17.0 17.0 17.0 17.0 17.0 17.0
17.0 17.0 17.0 17.0 17.0 17.0
17.0 17.0 17.0 17.0 17.0 17.0
17.0 17.0 17.0 17.0 17.0 17.0
17.0 17.0 17.0 17.0 17.0 17.0
17.0 17.0 17.0 17.0 17.0 17.0
17.0 17.0 17.0 17.0 17.0 17.0
17.0 17.0 17.0 17.0 17.0 17.0
17.0 17.0 17.0 17.0 17.0 17.0
17.0 17.0 17.0 17.0 17.0 17.0
17.0 17.0 17.0 17.0 17.0 17.0
17.0 17.0 17.0 17.0 17.0 17.0
17.0 17.0 17.0 17.0 17.0 17.0
17.0 17.0 17.0 17.0 17.0 17.0
17.0 17.0 17.0 17.0 17.0 17.0
17.0 17.0 17.0 17.0 17.0 17.0
17.0 17.0 17.0 17.0 17.0 17.0
17.0 17.0 17.0 17.0 17.0 17.0
17.0 17.0 17.0 17.0 17.0 17.0
17.0 17.0 17.0 17.0 17.0 17.0
17.0 17.0 17.0 17.0 17.0 17.0
17.0 17.0 17.0 17.0 17.0 17.0
17.0 17.0 17.0 17.0 17.0 17.0
17.0 17.0 17.0 17.0 17.0 17.0
17.0 17.0 17.0 17.0 17.0 17.0
17.0 17.0 17.0 17.0 17.0 17.0
17.0 17.0 17.0 17.0 17.0 17.0
17.0 17.0 17.0 17.0 17.0 17.0
17.0 17.0 17.0 17.0 17.0 17.0
17.0 17.0 17.0 17.0 17.0 17.0
17.0 17.0 17.0 17.0 17.0 17.0
17.0 17.0 17.0 17.0 17.0 17.0
17.0 17.0 17.0 17.0 17.0 17.0
17.0 17.0 17.0 17.0 17.0 17.0
17.0 17.0 17.0 17.0 17.0 17.0
17.0 17.0 17.0 17.0 17.0 17.0
17.0 17.0 17.0 17.0 17.0 17.0
17.0 17.0 17.0 17.0 17.0 17.0
17.0 17.0 17.0 17.0 17.0 17.0
17.0 17.0 17.0 17.0 17.0 17.0
17.0 17.0 17.0 17.0 17.0 17.0
17.0 17.0 17.0 17.0 17.0 17.0
17.0 17.0 17.0 17.0 17.0 17.0
17.0 17.0 17.0 17.0 17.0 17.0
17.0 17.0 17.0 17.0 17.0 17.0
17.0 17.0 17.0 17.0 17.0 17.0
17.0 17.0 17.0 17.0 17.0 17.0
17.0 17.0 17.0 17.0 17.0 17.0
17.0 17.0 17.0 17.0 17.0 17.0
17.0 17.0 17.0 17.0 17.0 17.0
17.0 17.0 17.0 17.0 17.0 17.0
17.0 17.0 17.0 17.0 17.0 17.0
17.0 17.0 17.0 17.0 17.0 17.0
17.0 17.0 17.0 17.0 17.0 17.0
17.0 17.0 17.0 17.0 17.0 17.0
17.0 17.0 17.0 17.0 17.0 17.0
17.0 17.0 17.0 17.0 17.0 17.0
17.0 17.0 17.0 17.0 17.0 17.0
17.0 17.0 17.0 17.0 17.0 17.0
17.0 17.0 17.0 17.0 17.0 17.0
17.0 17.0 17.0 17.0 17.0 17.0
17.0 17.0 17.0 17.0 17.0 17.0
17.0 17.0 17.0 17.0 17.0 17.0
17.0 17.0 17.0 17.0 17.0 17.0
17.0 17.0 17.0 17.0 17.0 17.0
17.0 17.0 17.0 17.0 17.0 17.0
17.0 17.0 17.0 17.0 17.0 17.0
17.0 17.0 17.0 17.0 17.0 17.0
17.0 17.0 17.0 17.0 17.0 17.0
17.0 17.0 17.0 17.0 17.0 17.0
17.0 17.0 17.0 17.0 17.0 17.0
17.0 17.0 17.0 17.0 17.0 17.0
17.0 17.0 17.0 17.0 17.0 17.0
17.0 17.0 17.0 17.0 17.0 17.0
17.0 17.0 17.0 17.0 17.0 17.0
17.0 17.0 17.0 17.0 17.0 17.0
17.0 17.0 17.0 17.0 17.0 17.0
17.0 17.0 17.0 17.0 17.0 17.0
17.0 17.0 17.0 17.0 17.0 17.0
17.0 17.0 17.0 17.0 17.0 17.0
17.0 17.0 17.0 17.0 17.0 17.0
17.0 17.0 17.0 17.0 17.0 17.0
17.0 17.0 17.0 17.0 17.0 17.0
17.0 17.0 17.0 17.0 17.0 17.0
17.0 17.0 17.0 17.0 17.0 17.0
17.0 17.0 17.0 17.0 17.0 17.0
17.0 17.0 17.0 17.0 17.0 17.0
17.0 17.0 17.0 17.0 17.0 17.0
17.0 17.0 17.0 17.0 17.0 17.0
17.0 17.0 17.0 17.0 17.0 17.0
17.0 17.0 17.0 17.0 17.0 17.0
17.0 17.0 17.0 17.0 17.0 17.0
17.0 17.0 17.0 17.0 17.0 17.0
17.0 17.0 17.0 17.0 17.0 17.0
17.0 17.0 17.0 17.0 17.0 17.0
17.0 17.0 17.0 17.0 17.0 17.0
17.0 17.0 17.0 17.0 17.0 17.0
17.0 17.0 17.0 17.0 17.0 17.0
17.0 17.0 17.0 17.0 17.0 17.0
17.0 17.0 17.0 17.0 17.0 17.0
17.0 17.0 17.0 17.0 17.0 17.0
17.0 17.0 17.0 17.0 17.0 17.0
17.0 17.0 17.0 17.0 17.0 17.0
17.0 17.0 17.0 17.0 17.0 17.0
17.0 17.0 17.0 17.0 17.0 17.0
17.0 17.0 17.0 17.0 17.0 17.0
17.0 17.0 17.0 17.0 17.0 17.0
17.0 17.0 17.0 17.0 17.0 17.0
17.0 17.0 17.0 17.0 17.0 17.0
17.0 17.0 17.0 17.0 17.0 17.0
17.0 17.0 17.0 17.0 17.0 17.0
17.0 17.0 17.0 17.0 17.0 17.0
17.0 17.0 17.0 17.0 17.0 17.0
17.0 17.0 17.0 17.0 17.0 17.0
17.0 17.0 17.0 17.0 17.0 17.0
17.0 17.0 17.0 17.0 17.0 17.0
17.0 17.0 17.0 17.0 17.0 17.0
17.0 17.0 17.0 17.0 17.0 17.0
17.0 17.0 17.0 17.0 17.0 17.0
17.0 17.0 17.0 17.0 17.0 17.0
17.0 17.0 17.0 17.0 17.0 17.0
17.0 17.0 17.0 17.0 17.0 17.0
17.0 17.0 17.0 17.0 17.0 17.0
17.0 17.0 17.0 17.0 17.0 17.0
17.0 17.0 17.0 17.0 17.0 17.0
17.0 17.0 17.0 17.0 17.0 17.0
17.0 17.0 17.0 17.0 17.0 17.0
17.0 17.0 17.0 17.0 17.0 17.0
17.0 17.0 17.0 17.0 17.0 17.0
17.0 17.0 17.0 17.0 17.0 17.0
17.0 17.0 17.0 17.0 17.0 17.0
17.0 17.0 17.0 17.0 17.0 17.0
17.0 17.0 17.0 17.0 17.0 17.0
17.0 17.0 17.0 17.0 17.0 17.0
17.0 17.0 17.0 17.0 17.0 17.0
17.0 17.0 17.0 17.0 17.0 17.0
17.0 17.0 17.0 17.0 17.0 17.0
17.0 17.0 17.0 17.0 17.0 17.0
17.0 17.0 17.0 17.0 17.0 17.0
17.0 17.0 17.0 17.0 17.0 17.0
17.0 17.0 17.0 17.0 17.0 17.0
17.0 17.0 17.0 17.0 17.0 17.0
17.0 17.0 17.0 17.0 17.0 17.0
17.0 17.0 17.0 17.0 17.0 17.0
17.0 17.0 17.0 17.0 17.0 17.0
17.0 17.0 17.0 17.0 17.0 17.0
17.0 17.0 17.0 17.0 17.0 17.0
17.0 17.0 17.0 17.0 17.0 17.0
17.0 17.0 17.0 17.0 17.0 17.0
17.0 17.0 17.0 17.0 17.0 17.0
17.0 17.0 17.0 17.0 17.0 17.0
17.0 17.0 17.0 17.0 17.0 17.0
17.0 17.0 17.0 17.0 17.0 17.0
17.0 17.0 17.0 17.0 17.0 17.0
17.0 17.0 17.0 17.0 17.0 17.0
17.0 17.0 17.0 17.0 17.0 17.0
17.0 17.0 17.0 17.0 17.0 17.0
17.0 17.0 17.0 17.0 17.0 17.0
17.0 17.0 17.0 17.0 17.0 17.0
17.0 17.0 17.0 17.0 17.0 17.0
17.0 17.0 17.0 17.0 17.0 17.0
17.0 17.0 17.0 17.0 17.0 17.0
17.0 17.0 17.0 17.0 17.0 17.0
17.0 17.0 17.0 17.0 17.0 17.0
17.0 17.0 17.0 17.0 17.0 17.0
17.0 17.0 17.0 17.0 17.0 17.0
17.0 17.0 17.0 17.0 17.0 17.0
17.0 17.0 17.0 17.0 17.0 17.0
17.0 17.0 17.0 17.0 17.0 17.0
17.0 17.0 17.0 17.0 17.0 17.0
17.0 17.0 17.0 17.0 17.0 17.0
17.0 17.0 17.0 17.0 17.0 17.0
17.0 17.0 17.0 17.0 17.0 17.0
17.0 17.0 17.0 17.0 17.0 17.0
17.0 17.0 17.0 17.0 17.0 17.0
17.0 17.0 17.0 17.0 17.0 17.0
17.0 17.0 17.0 17.0 17.0 17.0
17.0 17.0 17.0 17.0 17.0 17.0
17.0 17.0 17.0 17.0 17.0 17.0
17.0 17.0 17.0 17.0 17.0 17.0
17.0 17.0 17.0 17.0 17.0 17.0
17.0 17.0 17.0 17.0 17.0 17.0
17.0 17.0 17.0 17.0 17.0 17.0
17.0 17.0 17.0 17.0 17.0 17.0
17.0 17.0 17.0 17.0 17.0 17.0
17.0 17.0 17.0 17.0 17.0 17.0
17.0 17.0 17.0 17.0 17.0 17.0
17.0 17.0 17.0 17.0 17.0 17.0
17.0 17.0 17.0 17.0 17.0 17.0
17.0 17.0 17.0 17.0 17.0 17.0
17.0 17.0 17.0 17.0 17.0 17.0
17.0 17.0 17.0 17.0 17.0 17.0
17.0 17.0 17.0 17.0 17.0 17.0
17.0 17.0 17.0 17.0 17.0 17.0
17.0 17.0 17.0 17.0 17.0 17.0
17.0 17.0 17.0 17.0 17.0 17.0
17.0 17.0 17.0 17.0 17.0 17.0
17.0 17.0 17.0 17.0 17.0 17.0
17.0 17.0 17.0 17.0 17.0 17.0
17.0 17.0 17.0 17.0 17.0 17.0
17.0 17.0 17.0 17.0 17.0 17.0
17.0 17.0 17.0 17.0 17.0 17.0
17.0 17.0 17.0 17.0 17.0 17.0
17.0 17.0 17.0 17.0 17.0 17.0
17.0 17.0 17.0 17.0 17.0 17.0
17.0 17.0 17.0 17.0 17.0 17.0
17.0 17.0 17.0 17.0 17.0 17.0
17.0 17.0 17.0 17.0 17.0 17.0
17.0 17.0 17.0 17.0 17.0 17.0
17.0 17.0 17.0 17.0 17.0 17.0
17.0 17.0 17.0 17.0 17.0 17.0
17.0 17.0 17.0 17.0 17.0 17.0
17.0 17.0 17.0 17.0 17.0 17.0
17.0 17.0 17.0 17.0 17.0 17.0
17.0 17.0 17.0 17.0 17.0 17.0
17.0 17.0 17.0 17.0 17.0 17.0
17.0 17.0 17.0 17.0 17.0 17.0
17.0 17.0 17.0 17.0 17.0 17.0
17.0 17.0 17.0 17.0 17.0 17.0
17.0 17.0 17.0 17.0 17.0 17.0
17.0 17.0 17.0 17.0 17.0 17.0
17.0 17.0 17.0 17.0 17.0 17.0
17.0 17.0 17.0 17.0 17.0 17.0
17.0 17.0 17.0 17.0 17.0 17.0
17.0 17.0 17.0 17.0 17.0 17.0
17.0 17.0 17.0 17.0 17.0 17.0
17.0 17.0 17.0 17.0 17.0 17.0
17.0 17.0 17.0 17.0 17.0 17.0
17.0 17.0 17.0 17.0 17.0 17.0
17.0 17.0 17.0 17.0 17.0 17.0
17.0 17.0 17.0 17.0 17.0 17.0
17.0 17.0 17.0 17.0 17.0 17.0
17.0 17.0 17.0 17.0 17.0 17.0
17.0 17.0 17.0 17.0 17.0 17.0
17.0 17.0 17.0 17.0 17.0 17.0
17.0 17.0 17.0 17.0 17.0 17.0
17.0 17.0 17.0 17.0 17.0 17.0
17.0 17.0 17.0 17.0 17.0 17.0
17.0 17.0 17.0 17.0 17.0 17.0
17.0 17.0 17.0 17.0 17.0 17.0
17.0 17.0 17.0 17.0 17.0 17.0
17.0 17.0 17.0 17.0 17.0 17.0
17.0 17.0 17.0 17.0 17.0 17.0
17.0 17.0 17.0 17.0 17.0 17.0
17.0 17.0 17.0 17.0 17.0 17.0
17.0 17.0 17.0 17.0 17.0 17.0
17.0 17.0 17.0 17.0 17.0 17.0
17.0 17.0 17.0 17.0 17.0 17.0
17.0 17.0 17.0 17.0 17.0 17.0
17.0 17.0 17.0 17.0 17.0 17.0
17.0 17.0 17.0 17.0 17.0 17.0
17.0 17.0 17.0 17.0 17.0 17.0
17.0 17.0 17.0 17.0 17.0 17.0
17.0 17.0 17.0 17.0 17.0 17.0
17.0 17.0 17.0 17.0 17.0 17.0
17.0 17.0 17.0 17.0 17.0 17.0
17.0 17.0 17.0 17.0 17.0 17.0
17.0 17.0 17.0 17.0 17.0 17.0
17.0 17.0 17.0 17.0 17.0 17.0
17.0 17.0 17.0 17.0 17.0 17.0
17.0 17.0 17.0 17.0 17.0 17.0
17.0 17.0 17.0 17.0 17.0 17.0
17.0 17.0 17.0 17.0 17.0 17.0
17.0 17.0 17.0 17.0 17.0 17.0
17.0 17.0 17.0 17.0 17.0 17.0
17.0 17.0 17.0 17.0 17.0 17.0
17.0 17.0 17.0 17.0 17.0 17.0
17.0 17.0 17.0 17.0 17.0 17.0
17.0 17.0 17.0 17.0 17.0 17.0
17.0 17.0 17.0 17.0 17.0 17.0
17.0 17.0 17.0 17.0 17.0 17.0
17.0 17.0 17.0 17.0 17.0 17.0
17.0 17.0 17.0 17.0 17.0 17.0
17.0 17.0 17.0 17.0 17.0 17.0
17.0 17.0 17.0 17.0 17.0 17.0
17.0 17.0 17.0 17.0 17.0 17.0
17.0 17.0 17.0 17.0 17.0 17.0
17.0 17.0 17.0 17.0 17.0 17.0
17.0 17.0 17.0 17.0 17.0 17.0
17.0 17.0 17.0 17.0 17.0 17.0
17.0 17.0 17.0 17.0 17.0 17.0
17.0 17.0 17.0 17.0 17.0 17.0
17.0 17.0 17.0 17.0 17.0 17.0
17.0 17.0 17.0 17.0 17.0 17.0
17.0 17.0 17.0 17.0 17.0 17.0
17.0 17.0 17.0 17.0 17.0 17.0
17.0 17.0 17.0 17.0 17.0 17.0
17.0 17.0 17.0 17.0 17.0 17.0
17.0 17.0 17.0 17.0 17.0 17.0
17.0 17.0 17.0 17.0 17.0 17.0
17.0 17.0 17.0 17.0 17.0 17.0
17.0 17.0 17.0 17.0 17.0 17.0
17.0 17.0 17.0 17.0 17.0 17.0
17.0 17.0 17.0 17.0 17.0 17.0
17.0 17.0 17.0 17.0 17.0 17.0
17.0 17.0 17.0 17.0 17.0 17.0
17.0 17.0 17.0 17.0 17.0 17.0
17.0 17.0 17.0 17.0 17.0 17.0
17.0 17.0 17.0 17.0 17.0 17.0
17.0 17.0 17.0 17.0 17.0 17.0
17.0 17.0 17.0 17.0 17.0 17.0
17.0 17.0 17.0 17.0 17.0 17.0
17.0 17.0 17.0 17.0 17.0 17.0
17.0 17.0 17.0 17.0 17.0 17.0
17.0 17.0 17.0 17.0 17.0 17.0
17.0 17.0 17.0 17.0 17.0 17.0
17.0 17.0 17.0 17.0 17.0 17.0
17.0 17.0 17.0 17.0 17.0 17.0
17.0 17.0 17.0 17.0 17.0 17.0
17.0 17.0 17.0 17.0 17.0 17.0
17.0 17.0 17.0 17.0 17.0 17.0
17.0 17.0 17.0 17.0 17.0 17.0
17.0 17.0 17.0 17.0 17.0 17.0
17.0 17.0 17.0 17.0 17.0 17.0
17.0 17.0 17.0 17.0 17.0 17.0
17.0 17.0 17.0 17.0 17.0 17.0
17.0 17.0 17.0 17.0 17.0 17.0
17.0 17.0 17.0 17.0 17.0 17.0
17.0 17.0 17.0 17.0 17.0 17.0
17.0 17.0 17.0 17.0 17.0 17.0
17.0 17.0 17.0 17.0 17.0 17.0
17.0 17.0 17.0 17.0 17.0 17.0
17.0 17.0 17.0 17.0 17.0 17.0
17.0 17.0 17.0 17.0 17.0 17.0
17.0 17.0 17.0 17.0 17.0 17.0
17.0 17.0 17.0 17.0 17.0 17.0
17.0 17.0 17.0 17.0 17.0 17.0
17.0 17.0 17.0 17.0 17.0 17.0
17.0 17.0 17.0 17.0 17.0 17.0
17.0 17.0 17.0 17.0 17.0 17.0
17.0 17.0 17.0 17.0 17.0 17.0
17.0 17.0 17.0 17.0 17.0 17.0
17.0 17.0 17.0 17.0 17.0 17.0
17.0 17.0 17.0 17.0 17.0 17.0
17.0 17.0 17.0 17.0 17.0 17.0
17.0 17.0 17.0 17.0 17.0 17.0
17.0 17.0 17.0 17.0 17.0 17.0
17.0 17.0 17.0 17.0 17.0 17.0
17.0 17.0 17.0 17.0 17.0 17.0
17.0 17.0 17.0 17.0 17.0 17.0
17.0 17.0 17.0 17.0 17.0 17.0
17.0 17.0 17.0 17.0 17.0 17.0
17.0 17.0 17.0 17.0 17.0 17.0
17.0 17.0 17.0 17.0 17.0 17.0
17.0 17.0 17.0 17.0 17.0 17.0
17.0 17.0 17.0 17.0 17.0 17.0
17.0 17.0 17.0 17.0 17.0 17.0
17.0 17.0 17.0 17.0 17.0 17.0
17.0 17.0 17.0 17.0 17.0 17.0
17.0 17.0 17.0 17.0 17.0 17.0
17.0 17.0 17.0 17.0 17.0 17.0
17.0 17.0 17.0 17.0 17.0 17.0
17.0 17.0 17.0 17.0 17.0 17.0
17.0 17.0 17.0 17.0 17.0 17.0
17.0 17.0 17.0 17.0 17.0 17.0
17.0 17.0 17.0 17.0 17.0 17.0
17.0 17.0 17.0 17.0 17.0 17.0
17.0 17.0 17.0 17.0 17.0 17.0
17.0 17.0 17.0 17.0 17.0 17.0
17.0 17.0 17.0 17.0 17.0 17.0
17.0 17.0 17.0 17.0 17.0 17.0
17.0 17.0 17.0 17.0 17.0 17.0
17.0 17.0 17.0 17.0 17.0 17.0
17.0 17.0 17.0 17.0 17.0 17.0
17.0 17.0 17.0 17.0 17.0 17.0
17.0 17.0 17.0 17.0 17.0 17.0
17.0 17.0 17.0 17.0 17.0 17.0
17.0 17.0 17.0 17.0 17.0 17.0
17.0 17.0 17.0 17.0 17.0 17.0
17.0 17.0 17.0 17.0 17.0 17.0
17.0 17.0 17.0 17.0 17.0 17.0
17.0 17.0 17.0 17.0 17.0 17.0
17.0 17.0 17.0 17.0 17.0 17.0
17.0 17.0 17.0 17.0 17.0 17.0
17.0 17.0 17.0 17.0 17.0 17.0
17.0 17.0 17.0 17.0 17.0 17.0
17.0 17.0 17.0 17.0 17.0 17.0
17.0 17.0 17.0 17.0 17.0 17.0
17.0 17.0 17.0 17.0 17.0 17.0
17.0 17.0 17.0 17.0 17.0 17.0
17.0 17.0 17.0 17.0 17.0 17.0
17.0 17.0 17.0 17.0 17.0 17.0
17.0 17.0 17.0 17.0 17.0 17.0
17.0 17.0 17.0 17.0 17.0 17.0
17.0 17.0 17.0 17.0 17.0 17.0
17.0 17.0 17.0 17.0 17.0 17.0
17.0 17.0 17.0 17.0 17.0 17.0
17.0 17.0 17.0 17.0 17.0 17.0
17.0 17.0 17.0 17.0 17.0 17.0
17.0 17.0 17.0 17.0 17.0 17.0
17.0 17.0 17.0 17.0 17.0 17.0
17.0 17.0 17.0 17.0 17.0 17.0
17.0 17.0 17.0 17.0 17.0 17.0
17.0 17.0 17.0 17.0 17.0 17.0
17.0 17.0 17.0 17.0 17.0 17.0
17.0 17.0 17.0 17.0 17.0 17.0
17.0 17.0 17.0 17.0 17.0 17.0
17.0 17.0 17.0 17.0 17.0 17.0
17.0 17.0 17.0 17.0 17.0 17.0
17.0 17.0 17.0 17.0 17.0 17.0
17.0 17.0 17.0 17.0 17.0 17.0
17.0 17.0 17.0 17.0 17.0 17.0
17.0 17.0 17.0 17.0 17.0 17.0
17.0 17.0 17.0 17.0 17.0 17.0
17.0 17.0 17.0 17.0 17.0 17.0
17.0 17.0 17.0 17.0 17.0 17.0
17.0 17.0 17.0 17.0 17.0 17.0
17.0 17.0 17.0 17.0 17.0 17.0
17.0 17.0 17.0 17.0 17.0 17.0
17.0 17.0 17.0 17.0 17.0 17.0
17.0 17.0 17.0 17.0 17.0 17.0
17.0 17.0 17.0 17.0 17.0 17.0
17.0 17.0 17.0 17.0 17.0 17.0
17.0 17.0 17.0 17.0 17.0 17.0
17.0 17.0 17.0 17.0 17.0 17.0
17.0 17.0 17.0 17.0 17.0 17.0
17.0 17.0 17.0 17.0 17.0 17.0
17.0 17.0 17.0 17.0 17.0 17.0
17.0 17.0 17.0 17.0 17.0 17.0
17.0 17.0 17.0 17.0 17.0 17.0
17.0 17.0 17.0 17.0 17.0 17.0
17.0 17.0 17.0 17.0 17.0 17.0
17.0 17.0 17.0 17.0 17.0 17.0
17.0 17.0 17.0 17.0 17.0 17.0
17.0 17.0 17.0 17.0 17.0 17.0
17.0 17.0 17.0 17.0 17.0 17.0
17.0 17.0 17.0 17.0 17.0 17.0
17.0 17.0 17.0 17.0 17.0 17.0
17.0 17.0 17.0 17.0 17.0 17.0
17.0 17.0 17.0 17.0 17.0 17.0
17.0 17.0 17.0 17.0 17.0 17.0
17.0 17.0 17.0 17.0 17.0 17.0
17.0 17.0 17.0 17.0 17.0 17.0
17.0 17.0 17.0 17.0 17.0 17.0
17.0 17.0 17.0 17.0 17.0 17.0
17.0 17.0 17.0 17.0 17.0 17.0
17.0 17.0 17.0 17.0 17.0 17.0
17.0 17.0 17.0 17.0 17.0 17.0
17.0 17.0 17.0 17.0 17.0 17.0
17.0 17.0 17.0 17.0 17.0 17.0
17.0 17.0 17.0 17.0 17.0 17.0
17.0 17.0 17.0 17.0 17.0 17.0
17.0 17.0 17.0 17.0 17.0 17.0
17.0 17.0 17.0 17.0 17.0 17.0
17.0 17.0 17.0 17.0 17.0 17.0
17.0 17.0 17.0 17.0 17.0 17.0
17.0 17.0 17.0 17.0 17.0 17.0
17.0 17.0 17.0 17.0 17.0 17.0
17.0 17.0 17.0 17.0 17.0 17.0
17.0 17.0 17.0 17.0 17.0 17.0
17.0 17.0 17.0 17.0 17.0 17.0
17.0 17.0 17.0 17.0 17.0 17.0
17.0 17.0 17.0 17.0 17.0 17.0
17.0 17.0 17.0 17.0 17.0 17.0
17.0 17.0 17.0 17.0 17.0 17.0
17.0 17.0 17.0 17.0 17.0 17.0
17.0 17.0 17.0 17.0 17.0 17.0
17.0 17.0 17.0 17.0 17.0 17.0
17.0 17.0 17.0 17.0 17.0 17.0
17.0 17.0 17.0 17.0 17.0 17.0
17.0 17.0 17.0 17.0 17.0 17.0
17.0 17.0 17.0 17.0 17.0 17.0
17.0 17.0 17.0 17.0 17.0 17.0
17.0 17.0 17.0 17.0 17.0 17.0
17.0 17.0 17.0 17.0 17.0 17.0
17.0 17.0 17.0 17.0 17.0 17.0
17.0 17.0 17.0 17.0 17.0 17.0
17.0 17.0 17.0 17.0 17.0 17.0
17.0 17.0 17.0 17.0 17.0 17.0
17.0 17.0 17.0 17.0 17.0 17.0
17.0 17.0 17.0 17.0 17.0 17.0
17.0 17.0 17.0 17.0 17.0 17.0
17.0 17.0 17.0 17.0 17.0 17.0
17.0 17.0 17.0 17.0 17.0 17.0
17.0 17.0 17.0 17.0 17.0 17.0
17.0 17.0 17.0 17.0 17.0 17.0
17.0 17.0 17.0 17.0 17.0 17.0
17.0 17.0 17.0 17.0 17.0 17.0
17.0 17.0 17.0 17.0 17.0 17.0
17.0 17.0 17.0 17.0 17.0 17.0
17.0 17.0 17.0 17.0 17.0 17.0
17.0 17.0 17.0 17.0 17.0 17.0
17.0 17.0 17.0 17.0 17.0 17.0
17.0 17.0 17.0 17.0 17.0 17.0
17.0 17.0 17.0 17.0 17.0 17.0
17.0 17.0 17.0 17.0 17.0 17.0
17.0 17.0 17.0 17.0 17.0 17.0
17.0 17.0 17.0 17.0 17.0 17.0
17.0 17.0 17.0 17.0 17.0 17.0
17.0 17.0 17.0 17.0 17.0 17.0
17.0 17.0 17.0 17.0 17.0 17.0
17.0 17.0 17.0 17.0 17.0 17.0
17.0 17.0 17.0 17.0 17.0 17.0
17.0 17.0 17.0 17.0 17.0 17.0
17.0 17.0 17.0 17.0 17.0 17.0
17.0 17.0 17.0 17.0 17.0 17.0
17.0 17.0 17.0 17.0 17.0 17.0
17.0 17.0 17.0 17.0 17.0 17.0
17.0 17.0 17.0 17.0 17.0 17.0
17.0 17.0 17.0 17.0 17.0 17.0
17.0 17.0 17.0 17.0 17.0 17.0
17.0 17.0 17.0 17.0 17.0 17.0
17.0 17.0 17.0 17.0 17.0 17.0
17.0 17.0 17.0 17.0 17.0 17.0
17.0 17.0 17.0 17.0 17.0 17.0
17.0 17.0 17.0 17.0 17.0 17.0
17.0 17.0 17.0 17.0 17.0 17.0
17.0 17.0 17.0 17.0 17.0 17.0
17.0 17.0 17.0 17.0 17.0 17.0
17.0 17.0 17.0 17.0 17.0 17.0
17.0 17.0 17.0 17.0 17.0 17.0
17.0 17.0 17.0 17.0 17.0 17.0
17.0 17.0 17.0 17.0 17.0 17.0
17.0 17.0 17.0 17.0 17.0 17.0
17.0 17.0 17.0 17.0 17.0 17.0
17.0 17.0 17.0 17.0 17.0 17.0
17.0 17.0 17.0 17.0 17.0 17.0
17.0 17.0 17.0 17.0 17.0 17.0
17.0 17.0 17.0 17.0 17.0 17.0
17.0 17.0 17.0 17.0 17.0 17.0
17.0 17.0 17.0 17.0 17.0 17.0
17.0 17.0 17.0 17.0 17.0 17.0
17.0 17.0 17.0 17.0 17.0 17.0
17.0 17.0 17.0 17.0 17.0 17.0
17.0 17.0 17.0 17.0 17.0 17.0
17.0 17.0 17.0 17.0 17.0 17.0
17.0 17.0 17.0 17.0 17.0 17.0
17.0 17.0 17.0 17.0 17.0 17.0
17.0 17.0 17.0 17.0 17.0 17.0
17.0 17.0 17.0 17.0 17.0 17.0
17.0 17.0 17.0 17.0 17.0 17.0
17.0 17.0 17.0 17.0 17.0 17.0
17.0 17.0 17.0 17.0 17.0 17.0
17.0 17.0 17.0 17.0 17.0 17.0
17.0 17.0 17.0 17.0 17.0 17.0
17.0 17.0 17.0 17.0 17.0 17.0
17.0 17.0 17.0 17.0 17.0 17.0
17.0 17.0 17.0 17.0 17.0 17.0
17.0 17.0 17.0 17.0 17.0 17.0
17.0 17.0 17.0 17.0 17.0 17.0
17.0 17.0 17.0 17.0 17.0 17.0
17.0 17.0 17.0 17.0 17.0 17.0
17.0 17.0 17.0 17.0 17.0 17.0
17.0 17.0 17.0 17.0 17.0 17.0
17.0 17.0 17.0 17.0 17.0 17.0
17.0 17.0 17.0 17.0 17.0 17.0
17.0 17.0 17.0 17.0 17.0 17.0
17.0 17.0 17.0 17.0 17.0 17.0
17.0 17.0 17.0 17.0 17.0 17.0
17.0 17.0 17.0 17.0 17.0 17.0
17.0 17.0 17.0 17.0 17.0 17.0
17.0 17.0 17.0 17.0 17.0 17.0
17.0 17.0 17.0 17.0 17.0 17.0
17.0 17.0 17.0 17.0 17.0 17.0
17.0 17.0 17.0 17.0 17.0 17.0
17.0 17.0 17.0 17.0 17.0 17.0
17.0 17.0 17.0 17.0 17.0 17.0
17.0 17.0 17.0 17.0 17.0 17.0
17.0 17.0 17.0 17.0 17.0 17.0
17.0 17.0 17.0 17.0 17.0 17.0
17.0 17.0 17.0 17.0 17.0 17.0
17.0 17.0 17.0 17.0 17.0 17.0
17.0 17.0 17.0 17.0 17.0 17.0
17.0 17.0 17.0 17.0 17.0 17.0
17.0 17.0 17.0 17.0 17.0 17.0
17.0 17.0 17.0 17.0 17.0 17.0
17.0 17.0 17.0 17.0 17.0 17.0
17.0 17.0 17.0 17.0 17.0 17.0
17.0 17.0 17.0 17.0 17.0 17.0
17.0 17.0 17.0 17.0 17.0 17.0
17.0 17.0 17.0 17.0 17.0 17.0
17.0 17.0 17.0 17.0 17.0 17.0
17.0 17.0 17.0 17.0 17.0 17.0
17.0 17.0 17.0 17.0 17.0 17.0
17.0 17.0 17.0 17.0 17.0 17.0
17.0 17.0 17.0 17.0 17.0 17.0
17.0 17.0 17.0 17.0 17.0 17.0
17.0 17.0 17.0 17.0 17.0 17.0
0 0 0 0 0 0
0 0 0 0 0 0
0 0 0 0 0 0
0 0 0 0 0 0
0 0 0 0 0 0
0 0 0 0 0 0
0 0 0 0 0 0
0 0 0 0 0 0
0 0 0 0 0 0
0 0 0 0 0 0
0 0 0 0 0 0
0 0 0 0 0 0
0 0 0 0 0 0
0 0 0 0 0 0
0 0 0 0 0 0
mind
12 33 59 40 5 51 19 55 8 27 20 31 42 30 59 6 16 60 51 21 37 21 46 14 19 1 60 58 11 4 45 31 21 33 6 7 51 34 26 51 23 17 2 36 15 36 20 38 45 54 29 31 14 0 0 0 0 0 0 0 0 0 0 0 47 20 12 34 30 35 52 38 3 60 41 5 19
maxd
24 66 118 80 10 102 38 110 16 54 40 62 84 60 118 12 32 120 102 42 74 42 92 28 38 2 120 116 22 8 90 62 42 66 12 14 102 68 52 102 46 34 4 72 30 72 40 76 90 108 58 62 28 0 0 0 0 0 0 0 0 0 0 0 94 40 24 68 60 70 104 76 6 120 82 10 38
e
0  182 412 423 358 327 105 151 406 462 427 452 308 32 200 2 132 469 396 262 108 395 329 22 283 259 423 153 183 329 41 142 3 114 350 345 457 382 65 24 73 348 46 275 222 141 256 146 41 64 108 104 29 413 180 13 422 478 9 106 214 406 288 366 462 469 15 477 261 36 389 7 344 267 35 279 0
l
600  302 532 543 478 447 225 271 526 582 547 572 428 152 320 122 252 589 516 382 228 515 449 142 403 379 543 273 303 449 161 262 123 234 470 465 577 502 185 144 193 468 166 395 342 261 376 266 161 184 228 224 149 533 300 133 542 598 129 226 334 526 408 486 582 589 135 597 381 156 509 127 464 387 155 399 1000
